The Q-learning based RL solution approach is run 10 times to obtain the approximate Pareto-optimal solutions



Run 1: Computation time (0.328125 seconds)

0 47.0
[[[[0, 1, 2], [0, 1, 2]], []], [[[0, 1, 2]], [[1, 2, 3]]]]
[[[[1, 0, 1], [1, 0, 1]], []], [[[1, 0, 1]], [[0, 1, 1]]]]
[[[[0, 1, 0], [0, 1, 0]], []], [[[0, 1, 0]], [[1, 0, 1]]]]
[[[[3, 7, 9], [5, 9, 12]], []], [[[1, 11, 15]], [[3, 20, 26.0]]]]

Run 2: Computation time (0.328125 seconds)

0 47.0
[[[[0, 1, 2], [0, 1, 2]], []], [[[0, 1, 2]], [[1, 2, 3]]]]
[[[[1, 0, 1], [1, 0, 1]], []], [[[1, 0, 1]], [[0, 1, 1]]]]
[[[[0, 1, 0], [0, 1, 0]], []], [[[0, 1, 0]], [[1, 0, 1]]]]
[[[[5, 7, 12], [1, 3, 9]], []], [[[3, 9, 15]], [[14, 20, 26.0]]]]

Run 3: Computation time (0.171875 seconds)

0 53.0
[[[[0, 2, 1], [0, 1, 2]], []], [[[0, 1, 2]], [[1, 2, 3]]]]
[[[[0, 1, 0], [1, 0, 1]], []], [[[1, 0, 1]], [[0, 1, 1]]]]
[[[[0, 0, 1], [0, 1, 0]], []], [[[0, 1, 0]], [[1, 0, 1]]]]
[[[[2, 7, 10], [1, 7.0, 10]], []], [[[3, 12, 14]], [[17, 19, 25.0]]]]

Run 4: Computation time (0.3125 seconds)

0 47.0
[[[[0, 1, 2], [0, 1, 2]], []], [[[0, 1, 2]], [[1, 2, 3]]]]
[[[[1, 0, 1], [1, 0, 1]], []], [[[1, 0, 1]], [[0, 1, 1]]]]
[[[[0, 1, 0], [0, 1, 0]], []], [[[0, 1, 0]], [[1, 0, 1]]]]
[[[[3, 5, 9], [5, 7, 12]], []], [[[1, 3, 15]], [[12, 20, 26.0]]]]

Run 5: Computation time (0.328125 seconds)

0 47.0
[[[[0, 1, 2], [0, 1, 2]], []], [[[0, 1, 2]], [[1, 2, 3]]]]
[[[[1, 0, 1], [1, 0, 1]], []], [[[1, 0, 1]], [[0, 1, 1]]]]
[[[[0, 1, 0], [0, 1, 0]], []], [[[0, 1, 0]], [[1, 0, 1]]]]
[[[[5, 9, 12], [1, 7, 9]], []], [[[3, 11, 15]], [[3, 20, 26.0]]]]

Run 6: Computation time (0.3125 seconds)

0 47.0
[[[[0, 1, 2], [0, 1, 2]], []], [[[0, 1, 2]], [[1, 2, 3]]]]
[[[[1, 0, 1], [1, 0, 1]], []], [[[1, 0, 1]], [[0, 1, 1]]]]
[[[[0, 1, 0], [0, 1, 0]], []], [[[0, 1, 0]], [[1, 0, 1]]]]
[[[[1, 3, 9], [3, 5, 12]], []], [[[5, 7, 15]], [[12, 20, 26.0]]]]

Run 7: Computation time (0.21875 seconds)

0 53.0
[[[[0, 1, 2], [0, 2, 1]], []], [[[0, 1, 2]], [[1, 2, 3]]]]
[[[[1, 0, 1], [1, 1, 0]], []], [[[0, 0, 1]], [[0, 1, 1]]]]
[[[[0, 1, 0], [0, 0, 1]], []], [[[0, 1, 0]], [[1, 0, 1]]]]
[[[[3, 7.0, 10], [1, 7, 10]], []], [[[2, 12, 14]], [[17, 19, 25.0]]]]

Run 8: Computation time (0.328125 seconds)

0 47.0
[[[[0, 2, 1], [0, 1, 2]], []], [[[0, 1, 2]], [[1, 2, 3]]]]
[[[[1, 1, 0], [1, 0, 1]], []], [[[1, 0, 1]], [[0, 1, 1]]]]
[[[[0, 0, 1], [0, 1, 0]], []], [[[0, 1, 0]], [[1, 0, 1]]]]
[[[[5, 9, 12], [3, 5, 12]], []], [[[1, 3, 15]], [[17, 20, 26.0]]]]

Run 9: Computation time (0.34375 seconds)

0 47.0
[[[[0, 2, 1], [0, 1, 2]], []], [[[0, 1, 2]], [[1, 2, 3]]]]
[[[[1, 1, 0], [1, 0, 1]], []], [[[1, 0, 1]], [[0, 1, 1]]]]
[[[[0, 0, 1], [0, 1, 0]], []], [[[0, 1, 0]], [[1, 0, 1]]]]
[[[[3, 9, 12], [5, 9, 12]], []], [[[1, 7, 15]], [[3, 20, 26.0]]]]

Run 10: Computation time (0.328125 seconds)

0 47.0
[[[[0, 1, 2], [0, 1, 2]], []], [[[0, 1, 2]], [[1, 2, 3]]]]
[[[[1, 0, 1], [1, 0, 1]], []], [[[1, 0, 1]], [[0, 1, 1]]]]
[[[[0, 1, 0], [0, 1, 0]], []], [[[0, 1, 0]], [[1, 0, 1]]]]
[[[[3, 9, 12], [1, 7, 9]], []], [[[5, 11, 15]], [[3, 20, 26.0]]]]
