Computation time: 784.59375 seconds


Exact Pareto-optimal solutions:
  # each solultion have two values and four 4D list (the first dimension indicates product ID, the second dimension indicates part variant ID, the third dimension indicates job ID, the forth dimension is a list presenting the operation sequence of the job) 
  # Line 1st: the first objective function value, the second objective function value
  # Line 2nd: a list to present the operation sequence of each job
  # Line 3rd: a list to present the selected machine for performing the corresponding operation in the above operation sequence
  # Line 4th: a list to present the selecetd configuration on the corresponding selected machine above for performing the corresponding operation in the operation sequence
  # Line 5th: a list to present the beginning time of processing the corresponding operation in the operation sequence

0 47.0
[[[[0, 1, 2], [0, 1, 2]], []], [[[0, 1, 2]], [[1, 2, 3]]]]
[[[[1, 0, 1], [1, 0, 1]], []], [[[1, 0, 1]], [[0, 1, 1]]]]
[[[[0, 1, 0], [0, 1, 0]], []], [[[0, 1, 0]], [[1, 0, 1]]]]
[[[[1, 3.0, 9], [3, 5.0, 12]], []], [[[5, 7.0, 15]], [[12.0, 20, 26.0]]]]

0 47.0
[[[[0, 1, 2], [0, 1, 2]], []], [[[0, 1, 2]], [[1, 2, 3]]]]
[[[[1, 0, 1], [1, 0, 1]], []], [[[1, 0, 1]], [[0, 1, 1]]]]
[[[[0, 1, 0], [0, 1, 0]], []], [[[0, 1, 0]], [[1, 0, 1]]]]
[[[[1, 3.0, 12], [3, 5.0, 9]], []], [[[5, 7.0, 15]], [[12.0, 20, 26.0]]]]

0 47.0
[[[[0, 1, 2], [0, 1, 2]], []], [[[0, 1, 2]], [[1, 2, 3]]]]
[[[[1, 0, 1], [1, 0, 1]], []], [[[1, 0, 1]], [[0, 1, 1]]]]
[[[[0, 1, 0], [0, 1, 0]], []], [[[0, 1, 0]], [[1, 0, 1]]]]
[[[[1, 3.0, 9], [5, 7, 12]], []], [[[3, 9, 15]], [[14, 20, 26.0]]]]

0 47.0
[[[[0, 1, 2], [0, 1, 2]], []], [[[0, 1, 2]], [[1, 2, 3]]]]
[[[[1, 0, 1], [1, 0, 1]], []], [[[1, 0, 1]], [[0, 1, 1]]]]
[[[[0, 1, 0], [0, 1, 0]], []], [[[0, 1, 0]], [[1, 0, 1]]]]
[[[[1, 3.0, 12], [5, 7, 9]], []], [[[3, 9, 15]], [[14, 20, 26.0]]]]

0 47.0
[[[[0, 1, 2], [0, 1, 2]], []], [[[0, 1, 2]], [[1, 2, 3]]]]
[[[[1, 0, 1], [1, 0, 1]], []], [[[1, 0, 1]], [[0, 1, 1]]]]
[[[[0, 1, 0], [0, 1, 0]], []], [[[0, 1, 0]], [[1, 0, 1]]]]
[[[[3, 5, 9], [1, 7, 12]], []], [[[5, 9, 15]], [[14, 20, 26.0]]]]

0 47.0
[[[[0, 1, 2], [0, 1, 2]], []], [[[0, 1, 2]], [[1, 2, 3]]]]
[[[[1, 0, 1], [1, 0, 1]], []], [[[1, 0, 1]], [[0, 1, 1]]]]
[[[[0, 1, 0], [0, 1, 0]], []], [[[0, 1, 0]], [[1, 0, 1]]]]
[[[[3, 5, 12], [1, 7, 9]], []], [[[5, 9, 15]], [[14, 20, 26.0]]]]

0 47.0
[[[[0, 1, 2], [0, 1, 2]], []], [[[0, 1, 2]], [[1, 2, 3]]]]
[[[[1, 0, 1], [1, 0, 1]], []], [[[1, 0, 1]], [[0, 1, 1]]]]
[[[[0, 1, 0], [0, 1, 0]], []], [[[0, 1, 0]], [[1, 0, 1]]]]
[[[[5, 7, 9], [1, 9, 12]], []], [[[3, 11, 15]], [[16, 20, 26.0]]]]

0 47.0
[[[[0, 1, 2], [0, 1, 2]], []], [[[0, 1, 2]], [[1, 2, 3]]]]
[[[[1, 0, 1], [1, 0, 1]], []], [[[1, 0, 1]], [[0, 1, 1]]]]
[[[[0, 1, 0], [0, 1, 0]], []], [[[0, 1, 0]], [[1, 0, 1]]]]
[[[[3, 5, 9], [5, 7, 12]], []], [[[1, 9, 15]], [[14, 20, 26.0]]]]

0 47.0
[[[[0, 1, 2], [0, 1, 2]], []], [[[0, 1, 2]], [[1, 2, 3]]]]
[[[[1, 0, 1], [1, 0, 1]], []], [[[1, 0, 1]], [[0, 1, 1]]]]
[[[[0, 1, 0], [0, 1, 0]], []], [[[0, 1, 0]], [[1, 0, 1]]]]
[[[[3, 5, 12], [5, 7, 9]], []], [[[1, 9, 15]], [[14, 20, 26.0]]]]

0 47.0
[[[[0, 1, 2], [0, 1, 2]], []], [[[0, 1, 2]], [[1, 2, 3]]]]
[[[[1, 0, 1], [1, 0, 1]], []], [[[1, 0, 1]], [[0, 1, 1]]]]
[[[[0, 1, 0], [0, 1, 0]], []], [[[0, 1, 0]], [[1, 0, 1]]]]
[[[[5, 7, 9], [3, 9, 12]], []], [[[1, 11, 15]], [[16, 20, 26.0]]]]

0 47.0
[[[[0, 1, 2], [0, 1, 2]], []], [[[0, 1, 2]], [[1, 2, 3]]]]
[[[[1, 0, 1], [1, 0, 1]], []], [[[1, 0, 1]], [[0, 1, 1]]]]
[[[[0, 1, 0], [0, 1, 0]], []], [[[0, 1, 0]], [[1, 0, 1]]]]
[[[[1, 3.0, 9], [3, 9, 12]], []], [[[5, 7, 15]], [[14, 20, 26.0]]]]

0 47.0
[[[[0, 1, 2], [0, 1, 2]], []], [[[0, 1, 2]], [[1, 2, 3]]]]
[[[[1, 0, 1], [1, 0, 1]], []], [[[1, 0, 1]], [[0, 1, 1]]]]
[[[[0, 1, 0], [0, 1, 0]], []], [[[0, 1, 0]], [[1, 0, 1]]]]
[[[[1, 3.0, 9], [5, 7.0, 12]], []], [[[3, 5.0, 15]], [[12.0, 20, 26.0]]]]

0 47.0
[[[[0, 1, 2], [0, 1, 2]], []], [[[0, 1, 2]], [[1, 2, 3]]]]
[[[[1, 0, 1], [1, 0, 1]], []], [[[1, 0, 1]], [[0, 1, 1]]]]
[[[[0, 1, 0], [0, 1, 0]], []], [[[0, 1, 0]], [[1, 0, 1]]]]
[[[[1, 3.0, 12], [5, 7.0, 9]], []], [[[3, 5.0, 15]], [[12.0, 20, 26.0]]]]

0 47.0
[[[[0, 1, 2], [0, 1, 2]], []], [[[0, 1, 2]], [[1, 2, 3]]]]
[[[[1, 0, 1], [1, 0, 1]], []], [[[1, 0, 1]], [[0, 1, 1]]]]
[[[[0, 1, 0], [0, 1, 0]], []], [[[0, 1, 0]], [[1, 0, 1]]]]
[[[[3, 5, 9], [1, 9, 12]], []], [[[5, 7, 15]], [[14, 20, 26.0]]]]

0 47.0
[[[[0, 1, 2], [0, 1, 2]], []], [[[0, 1, 2]], [[1, 2, 3]]]]
[[[[1, 0, 1], [1, 0, 1]], []], [[[1, 0, 1]], [[0, 1, 1]]]]
[[[[0, 1, 0], [0, 1, 0]], []], [[[0, 1, 0]], [[1, 0, 1]]]]
[[[[3, 5, 9], [5, 9, 12]], []], [[[1, 7, 15]], [[14, 20, 26.0]]]]

0 47.0
[[[[0, 1, 2], [0, 1, 2]], []], [[[0, 1, 2]], [[1, 2, 3]]]]
[[[[1, 0, 1], [1, 0, 1]], []], [[[1, 0, 1]], [[0, 1, 1]]]]
[[[[0, 1, 0], [0, 1, 0]], []], [[[0, 1, 0]], [[1, 0, 1]]]]
[[[[1, 7, 9], [3, 5, 12]], []], [[[5, 9, 15]], [[14, 20, 26.0]]]]

0 47.0
[[[[0, 1, 2], [0, 1, 2]], []], [[[0, 1, 2]], [[1, 2, 3]]]]
[[[[1, 0, 1], [1, 0, 1]], []], [[[1, 0, 1]], [[0, 1, 1]]]]
[[[[0, 1, 0], [0, 1, 0]], []], [[[0, 1, 0]], [[1, 0, 1]]]]
[[[[1, 7, 12], [3, 5, 9]], []], [[[5, 9, 15]], [[14, 20, 26.0]]]]

0 47.0
[[[[0, 1, 2], [0, 1, 2]], []], [[[0, 1, 2]], [[1, 2, 3]]]]
[[[[1, 0, 1], [1, 0, 1]], []], [[[1, 0, 1]], [[0, 1, 1]]]]
[[[[0, 1, 0], [0, 1, 0]], []], [[[0, 1, 0]], [[1, 0, 1]]]]
[[[[1, 9, 12], [5, 7, 9]], []], [[[3, 11, 15]], [[16, 20, 26.0]]]]

0 47.0
[[[[0, 1, 2], [0, 1, 2]], []], [[[0, 1, 2]], [[1, 2, 3]]]]
[[[[1, 0, 1], [1, 0, 1]], []], [[[1, 0, 1]], [[0, 1, 1]]]]
[[[[0, 1, 0], [0, 1, 0]], []], [[[0, 1, 0]], [[1, 0, 1]]]]
[[[[3, 5.0, 9], [1, 3.0, 12]], []], [[[5, 7.0, 15]], [[12.0, 20, 26.0]]]]

0 47.0
[[[[0, 1, 2], [0, 1, 2]], []], [[[0, 1, 2]], [[1, 2, 3]]]]
[[[[1, 0, 1], [1, 0, 1]], []], [[[1, 0, 1]], [[0, 1, 1]]]]
[[[[0, 1, 0], [0, 1, 0]], []], [[[0, 1, 0]], [[1, 0, 1]]]]
[[[[3, 5.0, 12], [1, 3.0, 9]], []], [[[5, 7.0, 15]], [[12.0, 20, 26.0]]]]

0 47.0
[[[[0, 1, 2], [0, 1, 2]], []], [[[0, 1, 2]], [[1, 2, 3]]]]
[[[[1, 0, 1], [1, 0, 1]], []], [[[1, 0, 1]], [[0, 1, 1]]]]
[[[[0, 1, 0], [0, 1, 0]], []], [[[0, 1, 0]], [[1, 0, 1]]]]
[[[[5, 7, 9], [1, 3.0, 12]], []], [[[3, 9, 15]], [[14, 20, 26.0]]]]

0 47.0
[[[[0, 1, 2], [0, 1, 2]], []], [[[0, 1, 2]], [[1, 2, 3]]]]
[[[[1, 0, 1], [1, 0, 1]], []], [[[1, 0, 1]], [[0, 1, 1]]]]
[[[[0, 1, 0], [0, 1, 0]], []], [[[0, 1, 0]], [[1, 0, 1]]]]
[[[[5, 7, 12], [1, 3.0, 9]], []], [[[3, 9, 15]], [[14, 20, 26.0]]]]

0 47.0
[[[[0, 1, 2], [0, 1, 2]], []], [[[0, 1, 2]], [[1, 2, 3]]]]
[[[[1, 0, 1], [1, 0, 1]], []], [[[1, 0, 1]], [[0, 1, 1]]]]
[[[[0, 1, 0], [0, 1, 0]], []], [[[0, 1, 0]], [[1, 0, 1]]]]
[[[[3, 9, 12], [5, 7, 9]], []], [[[1, 11, 15]], [[16, 20, 26.0]]]]

0 47.0
[[[[0, 1, 2], [0, 1, 2]], []], [[[0, 1, 2]], [[1, 2, 3]]]]
[[[[1, 0, 1], [1, 0, 1]], []], [[[1, 0, 1]], [[0, 1, 1]]]]
[[[[0, 1, 0], [0, 1, 0]], []], [[[0, 1, 0]], [[1, 0, 1]]]]
[[[[5, 7, 9], [3, 5, 12]], []], [[[1, 9, 15]], [[14, 20, 26.0]]]]

0 47.0
[[[[0, 1, 2], [0, 1, 2]], []], [[[0, 1, 2]], [[1, 2, 3]]]]
[[[[1, 0, 1], [1, 0, 1]], []], [[[1, 0, 1]], [[0, 1, 1]]]]
[[[[0, 1, 0], [0, 1, 0]], []], [[[0, 1, 0]], [[1, 0, 1]]]]
[[[[5, 7, 12], [3, 5, 9]], []], [[[1, 9, 15]], [[14, 20, 26.0]]]]

0 47.0
[[[[0, 1, 2], [0, 1, 2]], []], [[[0, 1, 2]], [[1, 2, 3]]]]
[[[[1, 0, 1], [1, 0, 1]], []], [[[1, 0, 1]], [[0, 1, 1]]]]
[[[[0, 1, 0], [0, 1, 0]], []], [[[0, 1, 0]], [[1, 0, 1]]]]
[[[[1, 9, 12], [3, 5, 9]], []], [[[5, 7, 15]], [[14, 20, 26.0]]]]

0 47.0
[[[[0, 1, 2], [0, 1, 2]], []], [[[0, 1, 2]], [[1, 2, 3]]]]
[[[[1, 0, 1], [1, 0, 1]], []], [[[1, 0, 1]], [[0, 1, 1]]]]
[[[[0, 1, 0], [0, 1, 0]], []], [[[0, 1, 0]], [[1, 0, 1]]]]
[[[[3, 9, 12], [1, 3.0, 9]], []], [[[5, 7, 15]], [[14, 20, 26.0]]]]

0 47.0
[[[[0, 1, 2], [0, 1, 2]], []], [[[0, 1, 2]], [[1, 2, 3]]]]
[[[[1, 0, 1], [1, 0, 1]], []], [[[1, 0, 1]], [[0, 1, 1]]]]
[[[[0, 1, 0], [0, 1, 0]], []], [[[0, 1, 0]], [[1, 0, 1]]]]
[[[[5, 7.0, 9], [1, 3.0, 12]], []], [[[3, 5.0, 15]], [[12.0, 20, 26.0]]]]

0 47.0
[[[[0, 1, 2], [0, 1, 2]], []], [[[0, 1, 2]], [[1, 2, 3]]]]
[[[[1, 0, 1], [1, 0, 1]], []], [[[1, 0, 1]], [[0, 1, 1]]]]
[[[[0, 1, 0], [0, 1, 0]], []], [[[0, 1, 0]], [[1, 0, 1]]]]
[[[[5, 7.0, 12], [1, 3.0, 9]], []], [[[3, 5.0, 15]], [[12.0, 20, 26.0]]]]

0 47.0
[[[[0, 1, 2], [0, 1, 2]], []], [[[0, 1, 2]], [[1, 2, 3]]]]
[[[[1, 0, 1], [1, 0, 1]], []], [[[1, 0, 1]], [[0, 1, 1]]]]
[[[[0, 1, 0], [0, 1, 0]], []], [[[0, 1, 0]], [[1, 0, 1]]]]
[[[[5, 9, 12], [3, 5, 9]], []], [[[1, 7, 15]], [[14, 20, 26.0]]]]

0 47.0
[[[[0, 1, 2], [0, 1, 2]], []], [[[0, 1, 2]], [[1, 2, 3]]]]
[[[[1, 0, 1], [1, 0, 1]], []], [[[1, 0, 1]], [[0, 1, 1]]]]
[[[[0, 1, 0], [0, 1, 0]], []], [[[0, 1, 0]], [[1, 0, 1]]]]
[[[[1, 7, 9], [5, 9, 12]], []], [[[3, 5, 15]], [[14, 20, 26.0]]]]

0 47.0
[[[[0, 1, 2], [0, 1, 2]], []], [[[0, 1, 2]], [[1, 2, 3]]]]
[[[[1, 0, 1], [1, 0, 1]], []], [[[1, 0, 1]], [[0, 1, 1]]]]
[[[[0, 1, 0], [0, 1, 0]], []], [[[0, 1, 0]], [[1, 0, 1]]]]
[[[[5, 7, 9], [1, 9, 12]], []], [[[3, 5, 15]], [[14, 20, 26.0]]]]

0 47.0
[[[[0, 1, 2], [0, 1, 2]], []], [[[0, 1, 2]], [[1, 2, 3]]]]
[[[[1, 0, 1], [1, 0, 1]], []], [[[1, 0, 1]], [[0, 1, 1]]]]
[[[[0, 1, 0], [0, 1, 0]], []], [[[0, 1, 0]], [[1, 0, 1]]]]
[[[[3, 5.0, 9], [5, 7.0, 12]], []], [[[1, 3.0, 15]], [[12.0, 20, 26.0]]]]

0 47.0
[[[[0, 1, 2], [0, 1, 2]], []], [[[0, 1, 2]], [[1, 2, 3]]]]
[[[[1, 0, 1], [1, 0, 1]], []], [[[1, 0, 1]], [[0, 1, 1]]]]
[[[[0, 1, 0], [0, 1, 0]], []], [[[0, 1, 0]], [[1, 0, 1]]]]
[[[[3, 5.0, 12], [5, 7.0, 9]], []], [[[1, 3.0, 15]], [[12.0, 20, 26.0]]]]

0 47.0
[[[[0, 1, 2], [0, 1, 2]], []], [[[0, 1, 2]], [[1, 2, 3]]]]
[[[[1, 0, 1], [1, 0, 1]], []], [[[1, 0, 1]], [[0, 1, 1]]]]
[[[[0, 1, 0], [0, 1, 0]], []], [[[0, 1, 0]], [[1, 0, 1]]]]
[[[[5, 7, 9], [3, 9, 12]], []], [[[1, 3.0, 15]], [[14, 20, 26.0]]]]

0 47.0
[[[[0, 1, 2], [0, 1, 2]], []], [[[0, 1, 2]], [[1, 2, 3]]]]
[[[[1, 0, 1], [1, 0, 1]], []], [[[1, 0, 1]], [[0, 1, 1]]]]
[[[[0, 1, 0], [0, 1, 0]], []], [[[0, 1, 0]], [[1, 0, 1]]]]
[[[[1, 9, 12], [5, 7, 9]], []], [[[3, 5, 15]], [[14, 20, 26.0]]]]

0 47.0
[[[[0, 1, 2], [0, 1, 2]], []], [[[0, 1, 2]], [[1, 2, 3]]]]
[[[[1, 0, 1], [1, 0, 1]], []], [[[1, 0, 1]], [[0, 1, 1]]]]
[[[[0, 1, 0], [0, 1, 0]], []], [[[0, 1, 0]], [[1, 0, 1]]]]
[[[[5, 9, 12], [1, 7, 9]], []], [[[3, 5, 15]], [[14, 20, 26.0]]]]

0 47.0
[[[[0, 1, 2], [0, 1, 2]], []], [[[0, 1, 2]], [[1, 2, 3]]]]
[[[[1, 0, 1], [1, 0, 1]], []], [[[1, 0, 1]], [[0, 1, 1]]]]
[[[[0, 1, 0], [0, 1, 0]], []], [[[0, 1, 0]], [[1, 0, 1]]]]
[[[[3, 9, 12], [5, 7, 9]], []], [[[1, 3.0, 15]], [[14, 20, 26.0]]]]

0 47.0
[[[[0, 1, 2], [0, 1, 2]], []], [[[0, 1, 2]], [[1, 2, 3]]]]
[[[[1, 0, 1], [1, 0, 1]], []], [[[1, 0, 1]], [[0, 1, 1]]]]
[[[[0, 1, 0], [0, 1, 0]], []], [[[0, 1, 0]], [[1, 0, 1]]]]
[[[[5, 7.0, 9], [3, 5.0, 12]], []], [[[1, 3.0, 15]], [[12.0, 20, 26.0]]]]

0 47.0
[[[[0, 1, 2], [0, 1, 2]], []], [[[0, 1, 2]], [[1, 2, 3]]]]
[[[[1, 0, 1], [1, 0, 1]], []], [[[1, 0, 1]], [[0, 1, 1]]]]
[[[[0, 1, 0], [0, 1, 0]], []], [[[0, 1, 0]], [[1, 0, 1]]]]
[[[[5, 7.0, 12], [3, 5.0, 9]], []], [[[1, 3.0, 15]], [[12.0, 20, 26.0]]]]

0 47.0
[[[[0, 1, 2], [0, 1, 2]], []], [[[0, 1, 2]], [[1, 2, 3]]]]
[[[[1, 0, 1], [1, 0, 1]], []], [[[1, 0, 1]], [[0, 1, 1]]]]
[[[[0, 1, 0], [0, 1, 0]], []], [[[0, 1, 0]], [[1, 0, 1]]]]
[[[[1, 7, 9], [3, 9, 12]], []], [[[5, 11, 15]], [[3, 20, 26.0]]]]

0 47.0
[[[[0, 1, 2], [0, 1, 2]], []], [[[0, 1, 2]], [[1, 2, 3]]]]
[[[[1, 0, 1], [1, 0, 1]], []], [[[1, 0, 1]], [[0, 1, 1]]]]
[[[[0, 1, 0], [0, 1, 0]], []], [[[0, 1, 0]], [[1, 0, 1]]]]
[[[[1, 7, 9], [5, 9, 12]], []], [[[3, 11, 15]], [[3, 20, 26.0]]]]

0 47.0
[[[[0, 1, 2], [0, 1, 2]], []], [[[0, 1, 2]], [[1, 2, 3]]]]
[[[[1, 0, 1], [1, 0, 1]], []], [[[1, 0, 1]], [[0, 1, 1]]]]
[[[[0, 1, 0], [0, 1, 0]], []], [[[0, 1, 0]], [[1, 0, 1]]]]
[[[[3, 7, 9], [1, 9, 12]], []], [[[5, 11, 15]], [[3, 20, 26.0]]]]

0 47.0
[[[[0, 1, 2], [0, 1, 2]], []], [[[0, 1, 2]], [[1, 2, 3]]]]
[[[[1, 0, 1], [1, 0, 1]], []], [[[1, 0, 1]], [[0, 1, 1]]]]
[[[[0, 1, 0], [0, 1, 0]], []], [[[0, 1, 0]], [[1, 0, 1]]]]
[[[[5, 7, 9], [1, 9, 12]], []], [[[3, 11, 15]], [[3, 20, 26.0]]]]

0 47.0
[[[[0, 1, 2], [0, 1, 2]], []], [[[0, 1, 2]], [[1, 2, 3]]]]
[[[[1, 0, 1], [1, 0, 1]], []], [[[1, 0, 1]], [[0, 1, 1]]]]
[[[[0, 1, 0], [0, 1, 0]], []], [[[0, 1, 0]], [[1, 0, 1]]]]
[[[[3, 7, 9], [5, 9, 12]], []], [[[1, 11, 15]], [[3, 20, 26.0]]]]

0 47.0
[[[[0, 1, 2], [0, 1, 2]], []], [[[0, 1, 2]], [[1, 2, 3]]]]
[[[[1, 0, 1], [1, 0, 1]], []], [[[1, 0, 1]], [[0, 1, 1]]]]
[[[[0, 1, 0], [0, 1, 0]], []], [[[0, 1, 0]], [[1, 0, 1]]]]
[[[[5, 7, 9], [3, 9, 12]], []], [[[1, 11, 15]], [[3, 20, 26.0]]]]

0 47.0
[[[[0, 1, 2], [0, 1, 2]], []], [[[0, 1, 2]], [[1, 2, 3]]]]
[[[[1, 0, 1], [1, 0, 1]], []], [[[1, 0, 1]], [[0, 1, 1]]]]
[[[[0, 1, 0], [0, 1, 0]], []], [[[0, 1, 0]], [[1, 0, 1]]]]
[[[[1, 9, 12], [3, 7, 9]], []], [[[5, 11, 15]], [[3, 20, 26.0]]]]

0 47.0
[[[[0, 1, 2], [0, 1, 2]], []], [[[0, 1, 2]], [[1, 2, 3]]]]
[[[[1, 0, 1], [1, 0, 1]], []], [[[1, 0, 1]], [[0, 1, 1]]]]
[[[[0, 1, 0], [0, 1, 0]], []], [[[0, 1, 0]], [[1, 0, 1]]]]
[[[[1, 9, 12], [5, 7, 9]], []], [[[3, 11, 15]], [[3, 20, 26.0]]]]

0 47.0
[[[[0, 1, 2], [0, 1, 2]], []], [[[0, 1, 2]], [[1, 2, 3]]]]
[[[[1, 0, 1], [1, 0, 1]], []], [[[1, 0, 1]], [[0, 1, 1]]]]
[[[[0, 1, 0], [0, 1, 0]], []], [[[0, 1, 0]], [[1, 0, 1]]]]
[[[[3, 9, 12], [1, 7, 9]], []], [[[5, 11, 15]], [[3, 20, 26.0]]]]

0 47.0
[[[[0, 1, 2], [0, 1, 2]], []], [[[0, 1, 2]], [[1, 2, 3]]]]
[[[[1, 0, 1], [1, 0, 1]], []], [[[1, 0, 1]], [[0, 1, 1]]]]
[[[[0, 1, 0], [0, 1, 0]], []], [[[0, 1, 0]], [[1, 0, 1]]]]
[[[[5, 9, 12], [1, 7, 9]], []], [[[3, 11, 15]], [[3, 20, 26.0]]]]

0 47.0
[[[[0, 1, 2], [0, 1, 2]], []], [[[0, 1, 2]], [[1, 2, 3]]]]
[[[[1, 0, 1], [1, 0, 1]], []], [[[1, 0, 1]], [[0, 1, 1]]]]
[[[[0, 1, 0], [0, 1, 0]], []], [[[0, 1, 0]], [[1, 0, 1]]]]
[[[[3, 9, 12], [5, 7, 9]], []], [[[1, 11, 15]], [[3, 20, 26.0]]]]

0 47.0
[[[[0, 1, 2], [0, 1, 2]], []], [[[0, 1, 2]], [[1, 2, 3]]]]
[[[[1, 0, 1], [1, 0, 1]], []], [[[1, 0, 1]], [[0, 1, 1]]]]
[[[[0, 1, 0], [0, 1, 0]], []], [[[0, 1, 0]], [[1, 0, 1]]]]
[[[[5, 9, 12], [3, 7, 9]], []], [[[1, 11, 15]], [[3, 20, 26.0]]]]

0 47.0
[[[[0, 1, 2], [0, 1, 2]], []], [[[0, 1, 2]], [[2, 1, 3]]]]
[[[[1, 0, 1], [1, 0, 1]], []], [[[1, 0, 1]], [[1, 0, 1]]]]
[[[[0, 1, 0], [0, 1, 0]], []], [[[0, 1, 0]], [[0, 1, 1]]]]
[[[[1, 3.0, 9], [3, 5.0, 12]], []], [[[5, 7.0, 15]], [[20, 22, 26.0]]]]

0 47.0
[[[[0, 1, 2], [0, 1, 2]], []], [[[0, 1, 2]], [[2, 1, 3]]]]
[[[[1, 0, 1], [1, 0, 1]], []], [[[1, 0, 1]], [[1, 0, 1]]]]
[[[[0, 1, 0], [0, 1, 0]], []], [[[0, 1, 0]], [[0, 1, 1]]]]
[[[[1, 3.0, 12], [3, 5.0, 9]], []], [[[5, 7.0, 15]], [[20, 22, 26.0]]]]

0 47.0
[[[[0, 1, 2], [0, 1, 2]], []], [[[0, 1, 2]], [[2, 1, 3]]]]
[[[[1, 0, 1], [1, 0, 1]], []], [[[1, 0, 1]], [[1, 0, 1]]]]
[[[[0, 1, 0], [0, 1, 0]], []], [[[0, 1, 0]], [[0, 1, 1]]]]
[[[[1, 3.0, 9], [5, 7, 12]], []], [[[3, 9, 15]], [[20, 22, 26.0]]]]

0 47.0
[[[[0, 1, 2], [0, 1, 2]], []], [[[0, 1, 2]], [[2, 1, 3]]]]
[[[[1, 0, 1], [1, 0, 1]], []], [[[1, 0, 1]], [[1, 0, 1]]]]
[[[[0, 1, 0], [0, 1, 0]], []], [[[0, 1, 0]], [[0, 1, 1]]]]
[[[[1, 3.0, 12], [5, 7, 9]], []], [[[3, 9, 15]], [[20, 22, 26.0]]]]

0 47.0
[[[[0, 1, 2], [0, 1, 2]], []], [[[0, 1, 2]], [[2, 1, 3]]]]
[[[[1, 0, 1], [1, 0, 1]], []], [[[1, 0, 1]], [[1, 0, 1]]]]
[[[[0, 1, 0], [0, 1, 0]], []], [[[0, 1, 0]], [[0, 1, 1]]]]
[[[[3, 5, 9], [1, 7, 12]], []], [[[5, 9, 15]], [[20, 22, 26.0]]]]

0 47.0
[[[[0, 1, 2], [0, 1, 2]], []], [[[0, 1, 2]], [[2, 1, 3]]]]
[[[[1, 0, 1], [1, 0, 1]], []], [[[1, 0, 1]], [[1, 0, 1]]]]
[[[[0, 1, 0], [0, 1, 0]], []], [[[0, 1, 0]], [[0, 1, 1]]]]
[[[[3, 5, 12], [1, 7, 9]], []], [[[5, 9, 15]], [[20, 22, 26.0]]]]

0 47.0
[[[[0, 1, 2], [0, 1, 2]], []], [[[0, 1, 2]], [[2, 1, 3]]]]
[[[[1, 0, 1], [1, 0, 1]], []], [[[1, 0, 1]], [[1, 0, 1]]]]
[[[[0, 1, 0], [0, 1, 0]], []], [[[0, 1, 0]], [[0, 1, 1]]]]
[[[[5, 7, 9], [1, 9, 12]], []], [[[3, 11, 15]], [[20, 22, 26.0]]]]

0 47.0
[[[[0, 1, 2], [0, 1, 2]], []], [[[0, 1, 2]], [[2, 1, 3]]]]
[[[[1, 0, 1], [1, 0, 1]], []], [[[1, 0, 1]], [[1, 0, 1]]]]
[[[[0, 1, 0], [0, 1, 0]], []], [[[0, 1, 0]], [[0, 1, 1]]]]
[[[[3, 5, 9], [5, 7, 12]], []], [[[1, 9, 15]], [[20, 22, 26.0]]]]

0 47.0
[[[[0, 1, 2], [0, 1, 2]], []], [[[0, 1, 2]], [[2, 1, 3]]]]
[[[[1, 0, 1], [1, 0, 1]], []], [[[1, 0, 1]], [[1, 0, 1]]]]
[[[[0, 1, 0], [0, 1, 0]], []], [[[0, 1, 0]], [[0, 1, 1]]]]
[[[[3, 5, 12], [5, 7, 9]], []], [[[1, 9, 15]], [[20, 22, 26.0]]]]

0 47.0
[[[[0, 1, 2], [0, 1, 2]], []], [[[0, 1, 2]], [[2, 1, 3]]]]
[[[[1, 0, 1], [1, 0, 1]], []], [[[1, 0, 1]], [[1, 0, 1]]]]
[[[[0, 1, 0], [0, 1, 0]], []], [[[0, 1, 0]], [[0, 1, 1]]]]
[[[[5, 7, 9], [3, 9, 12]], []], [[[1, 11, 15]], [[20, 22, 26.0]]]]

0 47.0
[[[[0, 1, 2], [0, 1, 2]], []], [[[0, 1, 2]], [[2, 1, 3]]]]
[[[[1, 0, 1], [1, 0, 1]], []], [[[1, 0, 1]], [[1, 0, 1]]]]
[[[[0, 1, 0], [0, 1, 0]], []], [[[0, 1, 0]], [[0, 1, 1]]]]
[[[[1, 3.0, 9], [3, 9, 12]], []], [[[5, 7, 15]], [[20, 22, 26.0]]]]

0 47.0
[[[[0, 1, 2], [0, 1, 2]], []], [[[0, 1, 2]], [[2, 1, 3]]]]
[[[[1, 0, 1], [1, 0, 1]], []], [[[1, 0, 1]], [[1, 0, 1]]]]
[[[[0, 1, 0], [0, 1, 0]], []], [[[0, 1, 0]], [[0, 1, 1]]]]
[[[[1, 3.0, 9], [5, 7.0, 12]], []], [[[3, 5.0, 15]], [[20, 22, 26.0]]]]

0 47.0
[[[[0, 1, 2], [0, 1, 2]], []], [[[0, 1, 2]], [[2, 1, 3]]]]
[[[[1, 0, 1], [1, 0, 1]], []], [[[1, 0, 1]], [[1, 0, 1]]]]
[[[[0, 1, 0], [0, 1, 0]], []], [[[0, 1, 0]], [[0, 1, 1]]]]
[[[[1, 3.0, 12], [5, 7.0, 9]], []], [[[3, 5.0, 15]], [[20, 22, 26.0]]]]

0 47.0
[[[[0, 1, 2], [0, 1, 2]], []], [[[0, 1, 2]], [[2, 1, 3]]]]
[[[[1, 0, 1], [1, 0, 1]], []], [[[1, 0, 1]], [[1, 0, 1]]]]
[[[[0, 1, 0], [0, 1, 0]], []], [[[0, 1, 0]], [[0, 1, 1]]]]
[[[[3, 5, 9], [1, 9, 12]], []], [[[5, 7, 15]], [[20, 22, 26.0]]]]

0 47.0
[[[[0, 1, 2], [0, 1, 2]], []], [[[0, 1, 2]], [[2, 1, 3]]]]
[[[[1, 0, 1], [1, 0, 1]], []], [[[1, 0, 1]], [[1, 0, 1]]]]
[[[[0, 1, 0], [0, 1, 0]], []], [[[0, 1, 0]], [[0, 1, 1]]]]
[[[[3, 5, 9], [5, 9, 12]], []], [[[1, 7, 15]], [[20, 22, 26.0]]]]

0 47.0
[[[[0, 1, 2], [0, 1, 2]], []], [[[0, 1, 2]], [[2, 1, 3]]]]
[[[[1, 0, 1], [1, 0, 1]], []], [[[1, 0, 1]], [[1, 0, 1]]]]
[[[[0, 1, 0], [0, 1, 0]], []], [[[0, 1, 0]], [[0, 1, 1]]]]
[[[[1, 7, 9], [3, 5, 12]], []], [[[5, 9, 15]], [[20, 22, 26.0]]]]

0 47.0
[[[[0, 1, 2], [0, 1, 2]], []], [[[0, 1, 2]], [[2, 1, 3]]]]
[[[[1, 0, 1], [1, 0, 1]], []], [[[1, 0, 1]], [[1, 0, 1]]]]
[[[[0, 1, 0], [0, 1, 0]], []], [[[0, 1, 0]], [[0, 1, 1]]]]
[[[[1, 7, 12], [3, 5, 9]], []], [[[5, 9, 15]], [[20, 22, 26.0]]]]

0 47.0
[[[[0, 1, 2], [0, 1, 2]], []], [[[0, 1, 2]], [[2, 1, 3]]]]
[[[[1, 0, 1], [1, 0, 1]], []], [[[1, 0, 1]], [[1, 0, 1]]]]
[[[[0, 1, 0], [0, 1, 0]], []], [[[0, 1, 0]], [[0, 1, 1]]]]
[[[[1, 9, 12], [5, 7, 9]], []], [[[3, 11, 15]], [[20, 22, 26.0]]]]

0 47.0
[[[[0, 1, 2], [0, 1, 2]], []], [[[0, 1, 2]], [[2, 1, 3]]]]
[[[[1, 0, 1], [1, 0, 1]], []], [[[1, 0, 1]], [[1, 0, 1]]]]
[[[[0, 1, 0], [0, 1, 0]], []], [[[0, 1, 0]], [[0, 1, 1]]]]
[[[[3, 5.0, 9], [1, 3.0, 12]], []], [[[5, 7.0, 15]], [[20, 22, 26.0]]]]

0 47.0
[[[[0, 1, 2], [0, 1, 2]], []], [[[0, 1, 2]], [[2, 1, 3]]]]
[[[[1, 0, 1], [1, 0, 1]], []], [[[1, 0, 1]], [[1, 0, 1]]]]
[[[[0, 1, 0], [0, 1, 0]], []], [[[0, 1, 0]], [[0, 1, 1]]]]
[[[[3, 5.0, 12], [1, 3.0, 9]], []], [[[5, 7.0, 15]], [[20, 22, 26.0]]]]

0 47.0
[[[[0, 1, 2], [0, 1, 2]], []], [[[0, 1, 2]], [[2, 1, 3]]]]
[[[[1, 0, 1], [1, 0, 1]], []], [[[1, 0, 1]], [[1, 0, 1]]]]
[[[[0, 1, 0], [0, 1, 0]], []], [[[0, 1, 0]], [[0, 1, 1]]]]
[[[[5, 7, 9], [1, 3.0, 12]], []], [[[3, 9, 15]], [[20, 22, 26.0]]]]

0 47.0
[[[[0, 1, 2], [0, 1, 2]], []], [[[0, 1, 2]], [[2, 1, 3]]]]
[[[[1, 0, 1], [1, 0, 1]], []], [[[1, 0, 1]], [[1, 0, 1]]]]
[[[[0, 1, 0], [0, 1, 0]], []], [[[0, 1, 0]], [[0, 1, 1]]]]
[[[[5, 7, 12], [1, 3.0, 9]], []], [[[3, 9, 15]], [[20, 22, 26.0]]]]

0 47.0
[[[[0, 1, 2], [0, 1, 2]], []], [[[0, 1, 2]], [[2, 1, 3]]]]
[[[[1, 0, 1], [1, 0, 1]], []], [[[1, 0, 1]], [[1, 0, 1]]]]
[[[[0, 1, 0], [0, 1, 0]], []], [[[0, 1, 0]], [[0, 1, 1]]]]
[[[[3, 9, 12], [5, 7, 9]], []], [[[1, 11, 15]], [[20, 22, 26.0]]]]

0 47.0
[[[[0, 1, 2], [0, 1, 2]], []], [[[0, 1, 2]], [[2, 1, 3]]]]
[[[[1, 0, 1], [1, 0, 1]], []], [[[1, 0, 1]], [[1, 0, 1]]]]
[[[[0, 1, 0], [0, 1, 0]], []], [[[0, 1, 0]], [[0, 1, 1]]]]
[[[[5, 7, 9], [3, 5, 12]], []], [[[1, 9, 15]], [[20, 22, 26.0]]]]

0 47.0
[[[[0, 1, 2], [0, 1, 2]], []], [[[0, 1, 2]], [[2, 1, 3]]]]
[[[[1, 0, 1], [1, 0, 1]], []], [[[1, 0, 1]], [[1, 0, 1]]]]
[[[[0, 1, 0], [0, 1, 0]], []], [[[0, 1, 0]], [[0, 1, 1]]]]
[[[[5, 7, 12], [3, 5, 9]], []], [[[1, 9, 15]], [[20, 22, 26.0]]]]

0 47.0
[[[[0, 1, 2], [0, 1, 2]], []], [[[0, 1, 2]], [[2, 1, 3]]]]
[[[[1, 0, 1], [1, 0, 1]], []], [[[1, 0, 1]], [[1, 0, 1]]]]
[[[[0, 1, 0], [0, 1, 0]], []], [[[0, 1, 0]], [[0, 1, 1]]]]
[[[[1, 9, 12], [3, 5, 9]], []], [[[5, 7, 15]], [[20, 22, 26.0]]]]

0 47.0
[[[[0, 1, 2], [0, 1, 2]], []], [[[0, 1, 2]], [[2, 1, 3]]]]
[[[[1, 0, 1], [1, 0, 1]], []], [[[1, 0, 1]], [[1, 0, 1]]]]
[[[[0, 1, 0], [0, 1, 0]], []], [[[0, 1, 0]], [[0, 1, 1]]]]
[[[[3, 9, 12], [1, 3.0, 9]], []], [[[5, 7, 15]], [[20, 22, 26.0]]]]

0 47.0
[[[[0, 1, 2], [0, 1, 2]], []], [[[0, 1, 2]], [[2, 1, 3]]]]
[[[[1, 0, 1], [1, 0, 1]], []], [[[1, 0, 1]], [[1, 0, 1]]]]
[[[[0, 1, 0], [0, 1, 0]], []], [[[0, 1, 0]], [[0, 1, 1]]]]
[[[[5, 7.0, 9], [1, 3.0, 12]], []], [[[3, 5.0, 15]], [[20, 22, 26.0]]]]

0 47.0
[[[[0, 1, 2], [0, 1, 2]], []], [[[0, 1, 2]], [[2, 1, 3]]]]
[[[[1, 0, 1], [1, 0, 1]], []], [[[1, 0, 1]], [[1, 0, 1]]]]
[[[[0, 1, 0], [0, 1, 0]], []], [[[0, 1, 0]], [[0, 1, 1]]]]
[[[[5, 7.0, 12], [1, 3.0, 9]], []], [[[3, 5.0, 15]], [[20, 22, 26.0]]]]

0 47.0
[[[[0, 1, 2], [0, 1, 2]], []], [[[0, 1, 2]], [[2, 1, 3]]]]
[[[[1, 0, 1], [1, 0, 1]], []], [[[1, 0, 1]], [[1, 0, 1]]]]
[[[[0, 1, 0], [0, 1, 0]], []], [[[0, 1, 0]], [[0, 1, 1]]]]
[[[[5, 9, 12], [3, 5, 9]], []], [[[1, 7, 15]], [[20, 22, 26.0]]]]

0 47.0
[[[[0, 1, 2], [0, 1, 2]], []], [[[0, 1, 2]], [[2, 1, 3]]]]
[[[[1, 0, 1], [1, 0, 1]], []], [[[1, 0, 1]], [[1, 0, 1]]]]
[[[[0, 1, 0], [0, 1, 0]], []], [[[0, 1, 0]], [[0, 1, 1]]]]
[[[[1, 7, 9], [5, 9, 12]], []], [[[3, 5, 15]], [[20, 22, 26.0]]]]

0 47.0
[[[[0, 1, 2], [0, 1, 2]], []], [[[0, 1, 2]], [[2, 1, 3]]]]
[[[[1, 0, 1], [1, 0, 1]], []], [[[1, 0, 1]], [[1, 0, 1]]]]
[[[[0, 1, 0], [0, 1, 0]], []], [[[0, 1, 0]], [[0, 1, 1]]]]
[[[[5, 7, 9], [1, 9, 12]], []], [[[3, 5, 15]], [[20, 22, 26.0]]]]

0 47.0
[[[[0, 1, 2], [0, 1, 2]], []], [[[0, 1, 2]], [[2, 1, 3]]]]
[[[[1, 0, 1], [1, 0, 1]], []], [[[1, 0, 1]], [[1, 0, 1]]]]
[[[[0, 1, 0], [0, 1, 0]], []], [[[0, 1, 0]], [[0, 1, 1]]]]
[[[[3, 5.0, 9], [5, 7.0, 12]], []], [[[1, 3.0, 15]], [[20, 22, 26.0]]]]

0 47.0
[[[[0, 1, 2], [0, 1, 2]], []], [[[0, 1, 2]], [[2, 1, 3]]]]
[[[[1, 0, 1], [1, 0, 1]], []], [[[1, 0, 1]], [[1, 0, 1]]]]
[[[[0, 1, 0], [0, 1, 0]], []], [[[0, 1, 0]], [[0, 1, 1]]]]
[[[[3, 5.0, 12], [5, 7.0, 9]], []], [[[1, 3.0, 15]], [[20, 22, 26.0]]]]

0 47.0
[[[[0, 1, 2], [0, 1, 2]], []], [[[0, 1, 2]], [[2, 1, 3]]]]
[[[[1, 0, 1], [1, 0, 1]], []], [[[1, 0, 1]], [[1, 0, 1]]]]
[[[[0, 1, 0], [0, 1, 0]], []], [[[0, 1, 0]], [[0, 1, 1]]]]
[[[[5, 7, 9], [3, 9, 12]], []], [[[1, 3.0, 15]], [[20, 22, 26.0]]]]

0 47.0
[[[[0, 1, 2], [0, 1, 2]], []], [[[0, 1, 2]], [[2, 1, 3]]]]
[[[[1, 0, 1], [1, 0, 1]], []], [[[1, 0, 1]], [[1, 0, 1]]]]
[[[[0, 1, 0], [0, 1, 0]], []], [[[0, 1, 0]], [[0, 1, 1]]]]
[[[[1, 9, 12], [5, 7, 9]], []], [[[3, 5, 15]], [[20, 22, 26.0]]]]

0 47.0
[[[[0, 1, 2], [0, 1, 2]], []], [[[0, 1, 2]], [[2, 1, 3]]]]
[[[[1, 0, 1], [1, 0, 1]], []], [[[1, 0, 1]], [[1, 0, 1]]]]
[[[[0, 1, 0], [0, 1, 0]], []], [[[0, 1, 0]], [[0, 1, 1]]]]
[[[[5, 9, 12], [1, 7, 9]], []], [[[3, 5, 15]], [[20, 22, 26.0]]]]

0 47.0
[[[[0, 1, 2], [0, 1, 2]], []], [[[0, 1, 2]], [[2, 1, 3]]]]
[[[[1, 0, 1], [1, 0, 1]], []], [[[1, 0, 1]], [[1, 0, 1]]]]
[[[[0, 1, 0], [0, 1, 0]], []], [[[0, 1, 0]], [[0, 1, 1]]]]
[[[[3, 9, 12], [5, 7, 9]], []], [[[1, 3.0, 15]], [[20, 22, 26.0]]]]

0 47.0
[[[[0, 1, 2], [0, 1, 2]], []], [[[0, 1, 2]], [[2, 1, 3]]]]
[[[[1, 0, 1], [1, 0, 1]], []], [[[1, 0, 1]], [[1, 0, 1]]]]
[[[[0, 1, 0], [0, 1, 0]], []], [[[0, 1, 0]], [[0, 1, 1]]]]
[[[[5, 7.0, 9], [3, 5.0, 12]], []], [[[1, 3.0, 15]], [[20, 22, 26.0]]]]

0 47.0
[[[[0, 1, 2], [0, 1, 2]], []], [[[0, 1, 2]], [[2, 1, 3]]]]
[[[[1, 0, 1], [1, 0, 1]], []], [[[1, 0, 1]], [[1, 0, 1]]]]
[[[[0, 1, 0], [0, 1, 0]], []], [[[0, 1, 0]], [[0, 1, 1]]]]
[[[[5, 7.0, 12], [3, 5.0, 9]], []], [[[1, 3.0, 15]], [[20, 22, 26.0]]]]

0 47.0
[[[[0, 1, 2], [0, 1, 2]], []], [[[0, 2, 1]], [[1, 2, 3]]]]
[[[[1, 0, 1], [1, 0, 1]], []], [[[1, 1, 0]], [[0, 1, 1]]]]
[[[[0, 1, 0], [0, 1, 0]], []], [[[0, 0, 1]], [[1, 0, 1]]]]
[[[[1, 7, 9], [3, 9, 12]], []], [[[5, 15, 18]], [[3, 20, 26.0]]]]

0 47.0
[[[[0, 1, 2], [0, 1, 2]], []], [[[0, 2, 1]], [[1, 2, 3]]]]
[[[[1, 0, 1], [1, 0, 1]], []], [[[1, 1, 0]], [[0, 1, 1]]]]
[[[[0, 1, 0], [0, 1, 0]], []], [[[0, 0, 1]], [[1, 0, 1]]]]
[[[[1, 7, 9], [5, 9, 12]], []], [[[3, 15, 18]], [[3, 20, 26.0]]]]

0 47.0
[[[[0, 1, 2], [0, 1, 2]], []], [[[0, 2, 1]], [[1, 2, 3]]]]
[[[[1, 0, 1], [1, 0, 1]], []], [[[1, 1, 0]], [[0, 1, 1]]]]
[[[[0, 1, 0], [0, 1, 0]], []], [[[0, 0, 1]], [[1, 0, 1]]]]
[[[[3, 7, 9], [1, 9, 12]], []], [[[5, 15, 18]], [[3, 20, 26.0]]]]

0 47.0
[[[[0, 1, 2], [0, 1, 2]], []], [[[0, 2, 1]], [[1, 2, 3]]]]
[[[[1, 0, 1], [1, 0, 1]], []], [[[1, 1, 0]], [[0, 1, 1]]]]
[[[[0, 1, 0], [0, 1, 0]], []], [[[0, 0, 1]], [[1, 0, 1]]]]
[[[[5, 7, 9], [1, 9, 12]], []], [[[3, 15, 18]], [[3, 20, 26.0]]]]

0 47.0
[[[[0, 1, 2], [0, 1, 2]], []], [[[0, 2, 1]], [[1, 2, 3]]]]
[[[[1, 0, 1], [1, 0, 1]], []], [[[1, 1, 0]], [[0, 1, 1]]]]
[[[[0, 1, 0], [0, 1, 0]], []], [[[0, 0, 1]], [[1, 0, 1]]]]
[[[[3, 7, 9], [5, 9, 12]], []], [[[1, 15, 18]], [[3, 20, 26.0]]]]

0 47.0
[[[[0, 1, 2], [0, 1, 2]], []], [[[0, 2, 1]], [[1, 2, 3]]]]
[[[[1, 0, 1], [1, 0, 1]], []], [[[1, 1, 0]], [[0, 1, 1]]]]
[[[[0, 1, 0], [0, 1, 0]], []], [[[0, 0, 1]], [[1, 0, 1]]]]
[[[[5, 7, 9], [3, 9, 12]], []], [[[1, 15, 18]], [[3, 20, 26.0]]]]

0 47.0
[[[[0, 1, 2], [0, 1, 2]], []], [[[0, 2, 1]], [[1, 2, 3]]]]
[[[[1, 0, 1], [1, 0, 1]], []], [[[1, 1, 0]], [[0, 1, 1]]]]
[[[[0, 1, 0], [0, 1, 0]], []], [[[0, 0, 1]], [[1, 0, 1]]]]
[[[[1, 9, 12], [3, 7, 9]], []], [[[5, 15, 18]], [[3, 20, 26.0]]]]

0 47.0
[[[[0, 1, 2], [0, 1, 2]], []], [[[0, 2, 1]], [[1, 2, 3]]]]
[[[[1, 0, 1], [1, 0, 1]], []], [[[1, 1, 0]], [[0, 1, 1]]]]
[[[[0, 1, 0], [0, 1, 0]], []], [[[0, 0, 1]], [[1, 0, 1]]]]
[[[[1, 9, 12], [5, 7, 9]], []], [[[3, 15, 18]], [[3, 20, 26.0]]]]

0 47.0
[[[[0, 1, 2], [0, 1, 2]], []], [[[0, 2, 1]], [[1, 2, 3]]]]
[[[[1, 0, 1], [1, 0, 1]], []], [[[1, 1, 0]], [[0, 1, 1]]]]
[[[[0, 1, 0], [0, 1, 0]], []], [[[0, 0, 1]], [[1, 0, 1]]]]
[[[[3, 9, 12], [1, 7, 9]], []], [[[5, 15, 18]], [[3, 20, 26.0]]]]

0 47.0
[[[[0, 1, 2], [0, 1, 2]], []], [[[0, 2, 1]], [[1, 2, 3]]]]
[[[[1, 0, 1], [1, 0, 1]], []], [[[1, 1, 0]], [[0, 1, 1]]]]
[[[[0, 1, 0], [0, 1, 0]], []], [[[0, 0, 1]], [[1, 0, 1]]]]
[[[[5, 9, 12], [1, 7, 9]], []], [[[3, 15, 18]], [[3, 20, 26.0]]]]

0 47.0
[[[[0, 1, 2], [0, 1, 2]], []], [[[0, 2, 1]], [[1, 2, 3]]]]
[[[[1, 0, 1], [1, 0, 1]], []], [[[1, 1, 0]], [[0, 1, 1]]]]
[[[[0, 1, 0], [0, 1, 0]], []], [[[0, 0, 1]], [[1, 0, 1]]]]
[[[[3, 9, 12], [5, 7, 9]], []], [[[1, 15, 18]], [[3, 20, 26.0]]]]

0 47.0
[[[[0, 1, 2], [0, 1, 2]], []], [[[0, 2, 1]], [[1, 2, 3]]]]
[[[[1, 0, 1], [1, 0, 1]], []], [[[1, 1, 0]], [[0, 1, 1]]]]
[[[[0, 1, 0], [0, 1, 0]], []], [[[0, 0, 1]], [[1, 0, 1]]]]
[[[[5, 9, 12], [3, 7, 9]], []], [[[1, 15, 18]], [[3, 20, 26.0]]]]

0 47.0
[[[[0, 1, 2], [0, 1, 2]], []], [[[0, 2, 1]], [[2, 1, 3]]]]
[[[[1, 0, 1], [1, 0, 1]], []], [[[1, 1, 0]], [[1, 0, 1]]]]
[[[[0, 1, 0], [0, 1, 0]], []], [[[0, 0, 1]], [[0, 1, 1]]]]
[[[[1, 3.0, 9], [3, 5.0, 12]], []], [[[5, 15, 18]], [[20, 23, 26.0]]]]

0 47.0
[[[[0, 1, 2], [0, 1, 2]], []], [[[0, 2, 1]], [[2, 1, 3]]]]
[[[[1, 0, 1], [1, 0, 1]], []], [[[1, 1, 0]], [[1, 0, 1]]]]
[[[[0, 1, 0], [0, 1, 0]], []], [[[0, 0, 1]], [[0, 1, 1]]]]
[[[[1, 3.0, 12], [3, 5.0, 9]], []], [[[5, 15, 18]], [[20, 23, 26.0]]]]

0 47.0
[[[[0, 1, 2], [0, 1, 2]], []], [[[0, 2, 1]], [[2, 1, 3]]]]
[[[[1, 0, 1], [1, 0, 1]], []], [[[1, 1, 0]], [[1, 0, 1]]]]
[[[[0, 1, 0], [0, 1, 0]], []], [[[0, 0, 1]], [[0, 1, 1]]]]
[[[[1, 3.0, 9], [5, 7, 12]], []], [[[3, 15, 18]], [[20, 23, 26.0]]]]

0 47.0
[[[[0, 1, 2], [0, 1, 2]], []], [[[0, 2, 1]], [[2, 1, 3]]]]
[[[[1, 0, 1], [1, 0, 1]], []], [[[1, 1, 0]], [[1, 0, 1]]]]
[[[[0, 1, 0], [0, 1, 0]], []], [[[0, 0, 1]], [[0, 1, 1]]]]
[[[[1, 3.0, 12], [5, 7, 9]], []], [[[3, 15, 18]], [[20, 23, 26.0]]]]

0 47.0
[[[[0, 1, 2], [0, 1, 2]], []], [[[0, 2, 1]], [[2, 1, 3]]]]
[[[[1, 0, 1], [1, 0, 1]], []], [[[1, 1, 0]], [[1, 0, 1]]]]
[[[[0, 1, 0], [0, 1, 0]], []], [[[0, 0, 1]], [[0, 1, 1]]]]
[[[[3, 5, 9], [1, 7, 12]], []], [[[5, 15, 18]], [[20, 23, 26.0]]]]

0 47.0
[[[[0, 1, 2], [0, 1, 2]], []], [[[0, 2, 1]], [[2, 1, 3]]]]
[[[[1, 0, 1], [1, 0, 1]], []], [[[1, 1, 0]], [[1, 0, 1]]]]
[[[[0, 1, 0], [0, 1, 0]], []], [[[0, 0, 1]], [[0, 1, 1]]]]
[[[[3, 5, 12], [1, 7, 9]], []], [[[5, 15, 18]], [[20, 23, 26.0]]]]

0 47.0
[[[[0, 1, 2], [0, 1, 2]], []], [[[0, 2, 1]], [[2, 1, 3]]]]
[[[[1, 0, 1], [1, 0, 1]], []], [[[1, 1, 0]], [[1, 0, 1]]]]
[[[[0, 1, 0], [0, 1, 0]], []], [[[0, 0, 1]], [[0, 1, 1]]]]
[[[[5, 7, 9], [1, 9, 12]], []], [[[3, 15, 18]], [[20, 23, 26.0]]]]

0 47.0
[[[[0, 1, 2], [0, 1, 2]], []], [[[0, 2, 1]], [[2, 1, 3]]]]
[[[[1, 0, 1], [1, 0, 1]], []], [[[1, 1, 0]], [[1, 0, 1]]]]
[[[[0, 1, 0], [0, 1, 0]], []], [[[0, 0, 1]], [[0, 1, 1]]]]
[[[[3, 5, 9], [5, 7, 12]], []], [[[1, 15, 18]], [[20, 23, 26.0]]]]

0 47.0
[[[[0, 1, 2], [0, 1, 2]], []], [[[0, 2, 1]], [[2, 1, 3]]]]
[[[[1, 0, 1], [1, 0, 1]], []], [[[1, 1, 0]], [[1, 0, 1]]]]
[[[[0, 1, 0], [0, 1, 0]], []], [[[0, 0, 1]], [[0, 1, 1]]]]
[[[[3, 5, 12], [5, 7, 9]], []], [[[1, 15, 18]], [[20, 23, 26.0]]]]

0 47.0
[[[[0, 1, 2], [0, 1, 2]], []], [[[0, 2, 1]], [[2, 1, 3]]]]
[[[[1, 0, 1], [1, 0, 1]], []], [[[1, 1, 0]], [[1, 0, 1]]]]
[[[[0, 1, 0], [0, 1, 0]], []], [[[0, 0, 1]], [[0, 1, 1]]]]
[[[[5, 7, 9], [3, 9, 12]], []], [[[1, 15, 18]], [[20, 23, 26.0]]]]

0 47.0
[[[[0, 1, 2], [0, 1, 2]], []], [[[0, 2, 1]], [[2, 1, 3]]]]
[[[[1, 0, 1], [1, 0, 1]], []], [[[1, 1, 0]], [[1, 0, 1]]]]
[[[[0, 1, 0], [0, 1, 0]], []], [[[0, 0, 1]], [[0, 1, 1]]]]
[[[[1, 7, 9], [3, 5, 12]], []], [[[5, 15, 18]], [[20, 23, 26.0]]]]

0 47.0
[[[[0, 1, 2], [0, 1, 2]], []], [[[0, 2, 1]], [[2, 1, 3]]]]
[[[[1, 0, 1], [1, 0, 1]], []], [[[1, 1, 0]], [[1, 0, 1]]]]
[[[[0, 1, 0], [0, 1, 0]], []], [[[0, 0, 1]], [[0, 1, 1]]]]
[[[[1, 7, 12], [3, 5, 9]], []], [[[5, 15, 18]], [[20, 23, 26.0]]]]

0 47.0
[[[[0, 1, 2], [0, 1, 2]], []], [[[0, 2, 1]], [[2, 1, 3]]]]
[[[[1, 0, 1], [1, 0, 1]], []], [[[1, 1, 0]], [[1, 0, 1]]]]
[[[[0, 1, 0], [0, 1, 0]], []], [[[0, 0, 1]], [[0, 1, 1]]]]
[[[[1, 9, 12], [5, 7, 9]], []], [[[3, 15, 18]], [[20, 23, 26.0]]]]

0 47.0
[[[[0, 1, 2], [0, 1, 2]], []], [[[0, 2, 1]], [[2, 1, 3]]]]
[[[[1, 0, 1], [1, 0, 1]], []], [[[1, 1, 0]], [[1, 0, 1]]]]
[[[[0, 1, 0], [0, 1, 0]], []], [[[0, 0, 1]], [[0, 1, 1]]]]
[[[[3, 5.0, 9], [1, 3.0, 12]], []], [[[5, 15, 18]], [[20, 23, 26.0]]]]

0 47.0
[[[[0, 1, 2], [0, 1, 2]], []], [[[0, 2, 1]], [[2, 1, 3]]]]
[[[[1, 0, 1], [1, 0, 1]], []], [[[1, 1, 0]], [[1, 0, 1]]]]
[[[[0, 1, 0], [0, 1, 0]], []], [[[0, 0, 1]], [[0, 1, 1]]]]
[[[[3, 5.0, 12], [1, 3.0, 9]], []], [[[5, 15, 18]], [[20, 23, 26.0]]]]

0 47.0
[[[[0, 1, 2], [0, 1, 2]], []], [[[0, 2, 1]], [[2, 1, 3]]]]
[[[[1, 0, 1], [1, 0, 1]], []], [[[1, 1, 0]], [[1, 0, 1]]]]
[[[[0, 1, 0], [0, 1, 0]], []], [[[0, 0, 1]], [[0, 1, 1]]]]
[[[[5, 7, 9], [1, 3.0, 12]], []], [[[3, 15, 18]], [[20, 23, 26.0]]]]

0 47.0
[[[[0, 1, 2], [0, 1, 2]], []], [[[0, 2, 1]], [[2, 1, 3]]]]
[[[[1, 0, 1], [1, 0, 1]], []], [[[1, 1, 0]], [[1, 0, 1]]]]
[[[[0, 1, 0], [0, 1, 0]], []], [[[0, 0, 1]], [[0, 1, 1]]]]
[[[[5, 7, 12], [1, 3.0, 9]], []], [[[3, 15, 18]], [[20, 23, 26.0]]]]

0 47.0
[[[[0, 1, 2], [0, 1, 2]], []], [[[0, 2, 1]], [[2, 1, 3]]]]
[[[[1, 0, 1], [1, 0, 1]], []], [[[1, 1, 0]], [[1, 0, 1]]]]
[[[[0, 1, 0], [0, 1, 0]], []], [[[0, 0, 1]], [[0, 1, 1]]]]
[[[[3, 9, 12], [5, 7, 9]], []], [[[1, 15, 18]], [[20, 23, 26.0]]]]

0 47.0
[[[[0, 1, 2], [0, 1, 2]], []], [[[0, 2, 1]], [[2, 1, 3]]]]
[[[[1, 0, 1], [1, 0, 1]], []], [[[1, 1, 0]], [[1, 0, 1]]]]
[[[[0, 1, 0], [0, 1, 0]], []], [[[0, 0, 1]], [[0, 1, 1]]]]
[[[[5, 7, 9], [3, 5, 12]], []], [[[1, 15, 18]], [[20, 23, 26.0]]]]

0 47.0
[[[[0, 1, 2], [0, 1, 2]], []], [[[0, 2, 1]], [[2, 1, 3]]]]
[[[[1, 0, 1], [1, 0, 1]], []], [[[1, 1, 0]], [[1, 0, 1]]]]
[[[[0, 1, 0], [0, 1, 0]], []], [[[0, 0, 1]], [[0, 1, 1]]]]
[[[[5, 7, 12], [3, 5, 9]], []], [[[1, 15, 18]], [[20, 23, 26.0]]]]

0 47.0
[[[[0, 1, 2], [0, 2, 1]], []], [[[0, 1, 2]], [[1, 2, 3]]]]
[[[[1, 0, 1], [1, 1, 0]], []], [[[1, 0, 1]], [[0, 1, 1]]]]
[[[[0, 1, 0], [0, 0, 1]], []], [[[0, 1, 0]], [[1, 0, 1]]]]
[[[[1, 3.0, 12], [3, 9, 12]], []], [[[5, 7, 15]], [[17, 20, 26.0]]]]

0 47.0
[[[[0, 1, 2], [0, 2, 1]], []], [[[0, 1, 2]], [[1, 2, 3]]]]
[[[[1, 0, 1], [1, 1, 0]], []], [[[1, 0, 1]], [[0, 1, 1]]]]
[[[[0, 1, 0], [0, 0, 1]], []], [[[0, 1, 0]], [[1, 0, 1]]]]
[[[[1, 3.0, 12], [5, 9, 12]], []], [[[3, 5.0, 15]], [[17, 20, 26.0]]]]

0 47.0
[[[[0, 1, 2], [0, 2, 1]], []], [[[0, 1, 2]], [[1, 2, 3]]]]
[[[[1, 0, 1], [1, 1, 0]], []], [[[1, 0, 1]], [[0, 1, 1]]]]
[[[[0, 1, 0], [0, 0, 1]], []], [[[0, 1, 0]], [[1, 0, 1]]]]
[[[[3, 5, 12], [1, 9, 12]], []], [[[5, 7, 15]], [[17, 20, 26.0]]]]

0 47.0
[[[[0, 1, 2], [0, 2, 1]], []], [[[0, 1, 2]], [[1, 2, 3]]]]
[[[[1, 0, 1], [1, 1, 0]], []], [[[1, 0, 1]], [[0, 1, 1]]]]
[[[[0, 1, 0], [0, 0, 1]], []], [[[0, 1, 0]], [[1, 0, 1]]]]
[[[[5, 7, 12], [1, 9, 12]], []], [[[3, 9, 15]], [[17, 20, 26.0]]]]

0 47.0
[[[[0, 1, 2], [0, 2, 1]], []], [[[0, 1, 2]], [[1, 2, 3]]]]
[[[[1, 0, 1], [1, 1, 0]], []], [[[1, 0, 1]], [[0, 1, 1]]]]
[[[[0, 1, 0], [0, 0, 1]], []], [[[0, 1, 0]], [[1, 0, 1]]]]
[[[[3, 5, 12], [5, 9, 12]], []], [[[1, 7, 15]], [[17, 20, 26.0]]]]

0 47.0
[[[[0, 1, 2], [0, 2, 1]], []], [[[0, 1, 2]], [[1, 2, 3]]]]
[[[[1, 0, 1], [1, 1, 0]], []], [[[1, 0, 1]], [[0, 1, 1]]]]
[[[[0, 1, 0], [0, 0, 1]], []], [[[0, 1, 0]], [[1, 0, 1]]]]
[[[[5, 7, 12], [3, 9, 12]], []], [[[1, 9, 15]], [[17, 20, 26.0]]]]

0 47.0
[[[[0, 1, 2], [0, 2, 1]], []], [[[0, 1, 2]], [[1, 2, 3]]]]
[[[[1, 0, 1], [1, 1, 0]], []], [[[1, 0, 1]], [[0, 1, 1]]]]
[[[[0, 1, 0], [0, 0, 1]], []], [[[0, 1, 0]], [[1, 0, 1]]]]
[[[[1, 9, 12], [3, 9, 12]], []], [[[5, 7, 15]], [[17, 20, 26.0]]]]

0 47.0
[[[[0, 1, 2], [0, 2, 1]], []], [[[0, 1, 2]], [[1, 2, 3]]]]
[[[[1, 0, 1], [1, 1, 0]], []], [[[1, 0, 1]], [[0, 1, 1]]]]
[[[[0, 1, 0], [0, 0, 1]], []], [[[0, 1, 0]], [[1, 0, 1]]]]
[[[[1, 7, 12], [5, 9, 12]], []], [[[3, 5, 15]], [[17, 20, 26.0]]]]

0 47.0
[[[[0, 1, 2], [0, 2, 1]], []], [[[0, 1, 2]], [[1, 2, 3]]]]
[[[[1, 0, 1], [1, 1, 0]], []], [[[1, 0, 1]], [[0, 1, 1]]]]
[[[[0, 1, 0], [0, 0, 1]], []], [[[0, 1, 0]], [[1, 0, 1]]]]
[[[[3, 9, 12], [1, 9, 12]], []], [[[5, 7, 15]], [[17, 20, 26.0]]]]

0 47.0
[[[[0, 1, 2], [0, 2, 1]], []], [[[0, 1, 2]], [[1, 2, 3]]]]
[[[[1, 0, 1], [1, 1, 0]], []], [[[1, 0, 1]], [[0, 1, 1]]]]
[[[[0, 1, 0], [0, 0, 1]], []], [[[0, 1, 0]], [[1, 0, 1]]]]
[[[[5, 7, 12], [1, 9, 12]], []], [[[3, 5, 15]], [[17, 20, 26.0]]]]

0 47.0
[[[[0, 1, 2], [0, 2, 1]], []], [[[0, 1, 2]], [[1, 2, 3]]]]
[[[[1, 0, 1], [1, 1, 0]], []], [[[1, 0, 1]], [[0, 1, 1]]]]
[[[[0, 1, 0], [0, 0, 1]], []], [[[0, 1, 0]], [[1, 0, 1]]]]
[[[[3, 5.0, 12], [5, 9, 12]], []], [[[1, 3.0, 15]], [[17, 20, 26.0]]]]

0 47.0
[[[[0, 1, 2], [0, 2, 1]], []], [[[0, 1, 2]], [[1, 2, 3]]]]
[[[[1, 0, 1], [1, 1, 0]], []], [[[1, 0, 1]], [[0, 1, 1]]]]
[[[[0, 1, 0], [0, 0, 1]], []], [[[0, 1, 0]], [[1, 0, 1]]]]
[[[[5, 7, 12], [3, 9, 12]], []], [[[1, 3.0, 15]], [[17, 20, 26.0]]]]

0 47.0
[[[[0, 1, 2], [0, 2, 1]], []], [[[0, 1, 2]], [[1, 2, 3]]]]
[[[[1, 0, 1], [1, 1, 0]], []], [[[1, 0, 1]], [[0, 1, 1]]]]
[[[[0, 1, 0], [0, 0, 1]], []], [[[0, 1, 0]], [[1, 0, 1]]]]
[[[[1, 7, 12], [3, 9, 12]], []], [[[5, 9, 15]], [[3, 20, 26.0]]]]

0 47.0
[[[[0, 1, 2], [0, 2, 1]], []], [[[0, 1, 2]], [[1, 2, 3]]]]
[[[[1, 0, 1], [1, 1, 0]], []], [[[1, 0, 1]], [[0, 1, 1]]]]
[[[[0, 1, 0], [0, 0, 1]], []], [[[0, 1, 0]], [[1, 0, 1]]]]
[[[[1, 7, 12], [5, 9, 12]], []], [[[3, 9, 15]], [[3, 20, 26.0]]]]

0 47.0
[[[[0, 1, 2], [0, 2, 1]], []], [[[0, 1, 2]], [[1, 2, 3]]]]
[[[[1, 0, 1], [1, 1, 0]], []], [[[1, 0, 1]], [[0, 1, 1]]]]
[[[[0, 1, 0], [0, 0, 1]], []], [[[0, 1, 0]], [[1, 0, 1]]]]
[[[[3, 7, 12], [1, 9, 12]], []], [[[5, 9, 15]], [[3, 20, 26.0]]]]

0 47.0
[[[[0, 1, 2], [0, 2, 1]], []], [[[0, 1, 2]], [[1, 2, 3]]]]
[[[[1, 0, 1], [1, 1, 0]], []], [[[1, 0, 1]], [[0, 1, 1]]]]
[[[[0, 1, 0], [0, 0, 1]], []], [[[0, 1, 0]], [[1, 0, 1]]]]
[[[[5, 7, 12], [1, 9, 12]], []], [[[3, 9, 15]], [[3, 20, 26.0]]]]

0 47.0
[[[[0, 1, 2], [0, 2, 1]], []], [[[0, 1, 2]], [[1, 2, 3]]]]
[[[[1, 0, 1], [1, 1, 0]], []], [[[1, 0, 1]], [[0, 1, 1]]]]
[[[[0, 1, 0], [0, 0, 1]], []], [[[0, 1, 0]], [[1, 0, 1]]]]
[[[[3, 7, 12], [5, 9, 12]], []], [[[1, 9, 15]], [[3, 20, 26.0]]]]

0 47.0
[[[[0, 1, 2], [0, 2, 1]], []], [[[0, 1, 2]], [[1, 2, 3]]]]
[[[[1, 0, 1], [1, 1, 0]], []], [[[1, 0, 1]], [[0, 1, 1]]]]
[[[[0, 1, 0], [0, 0, 1]], []], [[[0, 1, 0]], [[1, 0, 1]]]]
[[[[5, 7, 12], [3, 9, 12]], []], [[[1, 9, 15]], [[3, 20, 26.0]]]]

0 47.0
[[[[0, 1, 2], [0, 2, 1]], []], [[[0, 1, 2]], [[1, 2, 3]]]]
[[[[1, 0, 1], [1, 1, 0]], []], [[[1, 0, 1]], [[0, 1, 1]]]]
[[[[0, 1, 0], [0, 0, 1]], []], [[[0, 1, 0]], [[1, 0, 1]]]]
[[[[1, 9, 12], [3, 9, 12]], []], [[[5, 7, 15]], [[3, 20, 26.0]]]]

0 47.0
[[[[0, 1, 2], [0, 2, 1]], []], [[[0, 1, 2]], [[1, 2, 3]]]]
[[[[1, 0, 1], [1, 1, 0]], []], [[[1, 0, 1]], [[0, 1, 1]]]]
[[[[0, 1, 0], [0, 0, 1]], []], [[[0, 1, 0]], [[1, 0, 1]]]]
[[[[1, 9, 12], [5, 9, 12]], []], [[[3, 7, 15]], [[3, 20, 26.0]]]]

0 47.0
[[[[0, 1, 2], [0, 2, 1]], []], [[[0, 1, 2]], [[1, 2, 3]]]]
[[[[1, 0, 1], [1, 1, 0]], []], [[[1, 0, 1]], [[0, 1, 1]]]]
[[[[0, 1, 0], [0, 0, 1]], []], [[[0, 1, 0]], [[1, 0, 1]]]]
[[[[3, 9, 12], [1, 9, 12]], []], [[[5, 7, 15]], [[3, 20, 26.0]]]]

0 47.0
[[[[0, 1, 2], [0, 2, 1]], []], [[[0, 1, 2]], [[1, 2, 3]]]]
[[[[1, 0, 1], [1, 1, 0]], []], [[[1, 0, 1]], [[0, 1, 1]]]]
[[[[0, 1, 0], [0, 0, 1]], []], [[[0, 1, 0]], [[1, 0, 1]]]]
[[[[5, 9, 12], [1, 9, 12]], []], [[[3, 7, 15]], [[3, 20, 26.0]]]]

0 47.0
[[[[0, 1, 2], [0, 2, 1]], []], [[[0, 1, 2]], [[1, 2, 3]]]]
[[[[1, 0, 1], [1, 1, 0]], []], [[[1, 0, 1]], [[0, 1, 1]]]]
[[[[0, 1, 0], [0, 0, 1]], []], [[[0, 1, 0]], [[1, 0, 1]]]]
[[[[3, 9, 12], [5, 9, 12]], []], [[[1, 7, 15]], [[3, 20, 26.0]]]]

0 47.0
[[[[0, 1, 2], [0, 2, 1]], []], [[[0, 1, 2]], [[1, 2, 3]]]]
[[[[1, 0, 1], [1, 1, 0]], []], [[[1, 0, 1]], [[0, 1, 1]]]]
[[[[0, 1, 0], [0, 0, 1]], []], [[[0, 1, 0]], [[1, 0, 1]]]]
[[[[5, 9, 12], [3, 9, 12]], []], [[[1, 7, 15]], [[3, 20, 26.0]]]]

0 47.0
[[[[0, 1, 2], [0, 2, 1]], []], [[[0, 1, 2]], [[2, 1, 3]]]]
[[[[1, 0, 1], [1, 1, 0]], []], [[[1, 0, 1]], [[1, 0, 1]]]]
[[[[0, 1, 0], [0, 0, 1]], []], [[[0, 1, 0]], [[0, 1, 1]]]]
[[[[1, 3.0, 12], [3, 9, 12]], []], [[[5, 7, 15]], [[20, 22, 26.0]]]]

0 47.0
[[[[0, 1, 2], [0, 2, 1]], []], [[[0, 1, 2]], [[2, 1, 3]]]]
[[[[1, 0, 1], [1, 1, 0]], []], [[[1, 0, 1]], [[1, 0, 1]]]]
[[[[0, 1, 0], [0, 0, 1]], []], [[[0, 1, 0]], [[0, 1, 1]]]]
[[[[1, 3.0, 12], [5, 9, 12]], []], [[[3, 5.0, 15]], [[20, 22, 26.0]]]]

0 47.0
[[[[0, 1, 2], [0, 2, 1]], []], [[[0, 1, 2]], [[2, 1, 3]]]]
[[[[1, 0, 1], [1, 1, 0]], []], [[[1, 0, 1]], [[1, 0, 1]]]]
[[[[0, 1, 0], [0, 0, 1]], []], [[[0, 1, 0]], [[0, 1, 1]]]]
[[[[3, 5, 12], [1, 9, 12]], []], [[[5, 7, 15]], [[20, 22, 26.0]]]]

0 47.0
[[[[0, 1, 2], [0, 2, 1]], []], [[[0, 1, 2]], [[2, 1, 3]]]]
[[[[1, 0, 1], [1, 1, 0]], []], [[[1, 0, 1]], [[1, 0, 1]]]]
[[[[0, 1, 0], [0, 0, 1]], []], [[[0, 1, 0]], [[0, 1, 1]]]]
[[[[5, 7, 12], [1, 9, 12]], []], [[[3, 9, 15]], [[20, 22, 26.0]]]]

0 47.0
[[[[0, 1, 2], [0, 2, 1]], []], [[[0, 1, 2]], [[2, 1, 3]]]]
[[[[1, 0, 1], [1, 1, 0]], []], [[[1, 0, 1]], [[1, 0, 1]]]]
[[[[0, 1, 0], [0, 0, 1]], []], [[[0, 1, 0]], [[0, 1, 1]]]]
[[[[3, 5, 12], [5, 9, 12]], []], [[[1, 7, 15]], [[20, 22, 26.0]]]]

0 47.0
[[[[0, 1, 2], [0, 2, 1]], []], [[[0, 1, 2]], [[2, 1, 3]]]]
[[[[1, 0, 1], [1, 1, 0]], []], [[[1, 0, 1]], [[1, 0, 1]]]]
[[[[0, 1, 0], [0, 0, 1]], []], [[[0, 1, 0]], [[0, 1, 1]]]]
[[[[5, 7, 12], [3, 9, 12]], []], [[[1, 9, 15]], [[20, 22, 26.0]]]]

0 47.0
[[[[0, 1, 2], [0, 2, 1]], []], [[[0, 1, 2]], [[2, 1, 3]]]]
[[[[1, 0, 1], [1, 1, 0]], []], [[[1, 0, 1]], [[1, 0, 1]]]]
[[[[0, 1, 0], [0, 0, 1]], []], [[[0, 1, 0]], [[0, 1, 1]]]]
[[[[1, 9, 12], [3, 9, 12]], []], [[[5, 7, 15]], [[20, 22, 26.0]]]]

0 47.0
[[[[0, 1, 2], [0, 2, 1]], []], [[[0, 1, 2]], [[2, 1, 3]]]]
[[[[1, 0, 1], [1, 1, 0]], []], [[[1, 0, 1]], [[1, 0, 1]]]]
[[[[0, 1, 0], [0, 0, 1]], []], [[[0, 1, 0]], [[0, 1, 1]]]]
[[[[1, 7, 12], [5, 9, 12]], []], [[[3, 5, 15]], [[20, 22, 26.0]]]]

0 47.0
[[[[0, 1, 2], [0, 2, 1]], []], [[[0, 1, 2]], [[2, 1, 3]]]]
[[[[1, 0, 1], [1, 1, 0]], []], [[[1, 0, 1]], [[1, 0, 1]]]]
[[[[0, 1, 0], [0, 0, 1]], []], [[[0, 1, 0]], [[0, 1, 1]]]]
[[[[3, 9, 12], [1, 9, 12]], []], [[[5, 7, 15]], [[20, 22, 26.0]]]]

0 47.0
[[[[0, 1, 2], [0, 2, 1]], []], [[[0, 1, 2]], [[2, 1, 3]]]]
[[[[1, 0, 1], [1, 1, 0]], []], [[[1, 0, 1]], [[1, 0, 1]]]]
[[[[0, 1, 0], [0, 0, 1]], []], [[[0, 1, 0]], [[0, 1, 1]]]]
[[[[5, 7, 12], [1, 9, 12]], []], [[[3, 5, 15]], [[20, 22, 26.0]]]]

0 47.0
[[[[0, 1, 2], [0, 2, 1]], []], [[[0, 1, 2]], [[2, 1, 3]]]]
[[[[1, 0, 1], [1, 1, 0]], []], [[[1, 0, 1]], [[1, 0, 1]]]]
[[[[0, 1, 0], [0, 0, 1]], []], [[[0, 1, 0]], [[0, 1, 1]]]]
[[[[3, 5.0, 12], [5, 9, 12]], []], [[[1, 3.0, 15]], [[20, 22, 26.0]]]]

0 47.0
[[[[0, 1, 2], [0, 2, 1]], []], [[[0, 1, 2]], [[2, 1, 3]]]]
[[[[1, 0, 1], [1, 1, 0]], []], [[[1, 0, 1]], [[1, 0, 1]]]]
[[[[0, 1, 0], [0, 0, 1]], []], [[[0, 1, 0]], [[0, 1, 1]]]]
[[[[5, 7, 12], [3, 9, 12]], []], [[[1, 3.0, 15]], [[20, 22, 26.0]]]]

0 47.0
[[[[0, 1, 2], [0, 2, 1]], []], [[[0, 2, 1]], [[1, 2, 3]]]]
[[[[1, 0, 1], [1, 1, 0]], []], [[[1, 1, 0]], [[0, 1, 1]]]]
[[[[0, 1, 0], [0, 0, 1]], []], [[[0, 0, 1]], [[1, 0, 1]]]]
[[[[1, 7, 12], [3, 9, 12]], []], [[[5, 15, 18]], [[3, 20, 26.0]]]]

0 47.0
[[[[0, 1, 2], [0, 2, 1]], []], [[[0, 2, 1]], [[1, 2, 3]]]]
[[[[1, 0, 1], [1, 1, 0]], []], [[[1, 1, 0]], [[0, 1, 1]]]]
[[[[0, 1, 0], [0, 0, 1]], []], [[[0, 0, 1]], [[1, 0, 1]]]]
[[[[1, 7, 12], [5, 9, 12]], []], [[[3, 15, 18]], [[3, 20, 26.0]]]]

0 47.0
[[[[0, 1, 2], [0, 2, 1]], []], [[[0, 2, 1]], [[1, 2, 3]]]]
[[[[1, 0, 1], [1, 1, 0]], []], [[[1, 1, 0]], [[0, 1, 1]]]]
[[[[0, 1, 0], [0, 0, 1]], []], [[[0, 0, 1]], [[1, 0, 1]]]]
[[[[3, 7, 12], [1, 9, 12]], []], [[[5, 15, 18]], [[3, 20, 26.0]]]]

0 47.0
[[[[0, 1, 2], [0, 2, 1]], []], [[[0, 2, 1]], [[1, 2, 3]]]]
[[[[1, 0, 1], [1, 1, 0]], []], [[[1, 1, 0]], [[0, 1, 1]]]]
[[[[0, 1, 0], [0, 0, 1]], []], [[[0, 0, 1]], [[1, 0, 1]]]]
[[[[5, 7, 12], [1, 9, 12]], []], [[[3, 15, 18]], [[3, 20, 26.0]]]]

0 47.0
[[[[0, 1, 2], [0, 2, 1]], []], [[[0, 2, 1]], [[1, 2, 3]]]]
[[[[1, 0, 1], [1, 1, 0]], []], [[[1, 1, 0]], [[0, 1, 1]]]]
[[[[0, 1, 0], [0, 0, 1]], []], [[[0, 0, 1]], [[1, 0, 1]]]]
[[[[3, 7, 12], [5, 9, 12]], []], [[[1, 15, 18]], [[3, 20, 26.0]]]]

0 47.0
[[[[0, 1, 2], [0, 2, 1]], []], [[[0, 2, 1]], [[1, 2, 3]]]]
[[[[1, 0, 1], [1, 1, 0]], []], [[[1, 1, 0]], [[0, 1, 1]]]]
[[[[0, 1, 0], [0, 0, 1]], []], [[[0, 0, 1]], [[1, 0, 1]]]]
[[[[5, 7, 12], [3, 9, 12]], []], [[[1, 15, 18]], [[3, 20, 26.0]]]]

0 47.0
[[[[0, 1, 2], [0, 2, 1]], []], [[[0, 2, 1]], [[2, 1, 3]]]]
[[[[1, 0, 1], [1, 1, 0]], []], [[[1, 1, 0]], [[1, 0, 1]]]]
[[[[0, 1, 0], [0, 0, 1]], []], [[[0, 0, 1]], [[0, 1, 1]]]]
[[[[1, 3.0, 12], [3, 9, 12]], []], [[[5, 15, 18]], [[20, 23, 26.0]]]]

0 47.0
[[[[0, 1, 2], [0, 2, 1]], []], [[[0, 2, 1]], [[2, 1, 3]]]]
[[[[1, 0, 1], [1, 1, 0]], []], [[[1, 1, 0]], [[1, 0, 1]]]]
[[[[0, 1, 0], [0, 0, 1]], []], [[[0, 0, 1]], [[0, 1, 1]]]]
[[[[1, 3.0, 12], [5, 9, 12]], []], [[[3, 15, 18]], [[20, 23, 26.0]]]]

0 47.0
[[[[0, 1, 2], [0, 2, 1]], []], [[[0, 2, 1]], [[2, 1, 3]]]]
[[[[1, 0, 1], [1, 1, 0]], []], [[[1, 1, 0]], [[1, 0, 1]]]]
[[[[0, 1, 0], [0, 0, 1]], []], [[[0, 0, 1]], [[0, 1, 1]]]]
[[[[3, 5, 12], [1, 9, 12]], []], [[[5, 15, 18]], [[20, 23, 26.0]]]]

0 47.0
[[[[0, 1, 2], [0, 2, 1]], []], [[[0, 2, 1]], [[2, 1, 3]]]]
[[[[1, 0, 1], [1, 1, 0]], []], [[[1, 1, 0]], [[1, 0, 1]]]]
[[[[0, 1, 0], [0, 0, 1]], []], [[[0, 0, 1]], [[0, 1, 1]]]]
[[[[5, 7, 12], [1, 9, 12]], []], [[[3, 15, 18]], [[20, 23, 26.0]]]]

0 47.0
[[[[0, 1, 2], [0, 2, 1]], []], [[[0, 2, 1]], [[2, 1, 3]]]]
[[[[1, 0, 1], [1, 1, 0]], []], [[[1, 1, 0]], [[1, 0, 1]]]]
[[[[0, 1, 0], [0, 0, 1]], []], [[[0, 0, 1]], [[0, 1, 1]]]]
[[[[3, 5, 12], [5, 9, 12]], []], [[[1, 15, 18]], [[20, 23, 26.0]]]]

0 47.0
[[[[0, 1, 2], [0, 2, 1]], []], [[[0, 2, 1]], [[2, 1, 3]]]]
[[[[1, 0, 1], [1, 1, 0]], []], [[[1, 1, 0]], [[1, 0, 1]]]]
[[[[0, 1, 0], [0, 0, 1]], []], [[[0, 0, 1]], [[0, 1, 1]]]]
[[[[5, 7, 12], [3, 9, 12]], []], [[[1, 15, 18]], [[20, 23, 26.0]]]]

0 47.0
[[[[0, 2, 1], [0, 1, 2]], []], [[[0, 1, 2]], [[1, 2, 3]]]]
[[[[1, 1, 0], [1, 0, 1]], []], [[[1, 0, 1]], [[0, 1, 1]]]]
[[[[0, 0, 1], [0, 1, 0]], []], [[[0, 1, 0]], [[1, 0, 1]]]]
[[[[1, 9, 12], [3, 5, 12]], []], [[[5, 7, 15]], [[17, 20, 26.0]]]]

0 47.0
[[[[0, 2, 1], [0, 1, 2]], []], [[[0, 1, 2]], [[1, 2, 3]]]]
[[[[1, 1, 0], [1, 0, 1]], []], [[[1, 0, 1]], [[0, 1, 1]]]]
[[[[0, 0, 1], [0, 1, 0]], []], [[[0, 1, 0]], [[1, 0, 1]]]]
[[[[1, 9, 12], [5, 7, 12]], []], [[[3, 9, 15]], [[17, 20, 26.0]]]]

0 47.0
[[[[0, 2, 1], [0, 1, 2]], []], [[[0, 1, 2]], [[1, 2, 3]]]]
[[[[1, 1, 0], [1, 0, 1]], []], [[[1, 0, 1]], [[0, 1, 1]]]]
[[[[0, 0, 1], [0, 1, 0]], []], [[[0, 1, 0]], [[1, 0, 1]]]]
[[[[3, 9, 12], [1, 3.0, 12]], []], [[[5, 7, 15]], [[17, 20, 26.0]]]]

0 47.0
[[[[0, 2, 1], [0, 1, 2]], []], [[[0, 1, 2]], [[1, 2, 3]]]]
[[[[1, 1, 0], [1, 0, 1]], []], [[[1, 0, 1]], [[0, 1, 1]]]]
[[[[0, 0, 1], [0, 1, 0]], []], [[[0, 1, 0]], [[1, 0, 1]]]]
[[[[5, 9, 12], [1, 3.0, 12]], []], [[[3, 5.0, 15]], [[17, 20, 26.0]]]]

0 47.0
[[[[0, 2, 1], [0, 1, 2]], []], [[[0, 1, 2]], [[1, 2, 3]]]]
[[[[1, 1, 0], [1, 0, 1]], []], [[[1, 0, 1]], [[0, 1, 1]]]]
[[[[0, 0, 1], [0, 1, 0]], []], [[[0, 1, 0]], [[1, 0, 1]]]]
[[[[3, 9, 12], [5, 7, 12]], []], [[[1, 9, 15]], [[17, 20, 26.0]]]]

0 47.0
[[[[0, 2, 1], [0, 1, 2]], []], [[[0, 1, 2]], [[1, 2, 3]]]]
[[[[1, 1, 0], [1, 0, 1]], []], [[[1, 0, 1]], [[0, 1, 1]]]]
[[[[0, 0, 1], [0, 1, 0]], []], [[[0, 1, 0]], [[1, 0, 1]]]]
[[[[5, 9, 12], [3, 5, 12]], []], [[[1, 7, 15]], [[17, 20, 26.0]]]]

0 47.0
[[[[0, 2, 1], [0, 1, 2]], []], [[[0, 1, 2]], [[1, 2, 3]]]]
[[[[1, 1, 0], [1, 0, 1]], []], [[[1, 0, 1]], [[0, 1, 1]]]]
[[[[0, 0, 1], [0, 1, 0]], []], [[[0, 1, 0]], [[1, 0, 1]]]]
[[[[1, 9, 12], [3, 9, 12]], []], [[[5, 7, 15]], [[17, 20, 26.0]]]]

0 47.0
[[[[0, 2, 1], [0, 1, 2]], []], [[[0, 1, 2]], [[1, 2, 3]]]]
[[[[1, 1, 0], [1, 0, 1]], []], [[[1, 0, 1]], [[0, 1, 1]]]]
[[[[0, 0, 1], [0, 1, 0]], []], [[[0, 1, 0]], [[1, 0, 1]]]]
[[[[1, 9, 12], [5, 7, 12]], []], [[[3, 5, 15]], [[17, 20, 26.0]]]]

0 47.0
[[[[0, 2, 1], [0, 1, 2]], []], [[[0, 1, 2]], [[1, 2, 3]]]]
[[[[1, 1, 0], [1, 0, 1]], []], [[[1, 0, 1]], [[0, 1, 1]]]]
[[[[0, 0, 1], [0, 1, 0]], []], [[[0, 1, 0]], [[1, 0, 1]]]]
[[[[3, 9, 12], [1, 9, 12]], []], [[[5, 7, 15]], [[17, 20, 26.0]]]]

0 47.0
[[[[0, 2, 1], [0, 1, 2]], []], [[[0, 1, 2]], [[1, 2, 3]]]]
[[[[1, 1, 0], [1, 0, 1]], []], [[[1, 0, 1]], [[0, 1, 1]]]]
[[[[0, 0, 1], [0, 1, 0]], []], [[[0, 1, 0]], [[1, 0, 1]]]]
[[[[5, 9, 12], [1, 7, 12]], []], [[[3, 5, 15]], [[17, 20, 26.0]]]]

0 47.0
[[[[0, 2, 1], [0, 1, 2]], []], [[[0, 1, 2]], [[1, 2, 3]]]]
[[[[1, 1, 0], [1, 0, 1]], []], [[[1, 0, 1]], [[0, 1, 1]]]]
[[[[0, 0, 1], [0, 1, 0]], []], [[[0, 1, 0]], [[1, 0, 1]]]]
[[[[3, 9, 12], [5, 7, 12]], []], [[[1, 3.0, 15]], [[17, 20, 26.0]]]]

0 47.0
[[[[0, 2, 1], [0, 1, 2]], []], [[[0, 1, 2]], [[1, 2, 3]]]]
[[[[1, 1, 0], [1, 0, 1]], []], [[[1, 0, 1]], [[0, 1, 1]]]]
[[[[0, 0, 1], [0, 1, 0]], []], [[[0, 1, 0]], [[1, 0, 1]]]]
[[[[5, 9, 12], [3, 5.0, 12]], []], [[[1, 3.0, 15]], [[17, 20, 26.0]]]]

0 47.0
[[[[0, 2, 1], [0, 1, 2]], []], [[[0, 1, 2]], [[1, 2, 3]]]]
[[[[1, 1, 0], [1, 0, 1]], []], [[[1, 0, 1]], [[0, 1, 1]]]]
[[[[0, 0, 1], [0, 1, 0]], []], [[[0, 1, 0]], [[1, 0, 1]]]]
[[[[1, 9, 12], [3, 7, 12]], []], [[[5, 9, 15]], [[3, 20, 26.0]]]]

0 47.0
[[[[0, 2, 1], [0, 1, 2]], []], [[[0, 1, 2]], [[1, 2, 3]]]]
[[[[1, 1, 0], [1, 0, 1]], []], [[[1, 0, 1]], [[0, 1, 1]]]]
[[[[0, 0, 1], [0, 1, 0]], []], [[[0, 1, 0]], [[1, 0, 1]]]]
[[[[1, 9, 12], [5, 7, 12]], []], [[[3, 9, 15]], [[3, 20, 26.0]]]]

0 47.0
[[[[0, 2, 1], [0, 1, 2]], []], [[[0, 1, 2]], [[1, 2, 3]]]]
[[[[1, 1, 0], [1, 0, 1]], []], [[[1, 0, 1]], [[0, 1, 1]]]]
[[[[0, 0, 1], [0, 1, 0]], []], [[[0, 1, 0]], [[1, 0, 1]]]]
[[[[3, 9, 12], [1, 7, 12]], []], [[[5, 9, 15]], [[3, 20, 26.0]]]]

0 47.0
[[[[0, 2, 1], [0, 1, 2]], []], [[[0, 1, 2]], [[1, 2, 3]]]]
[[[[1, 1, 0], [1, 0, 1]], []], [[[1, 0, 1]], [[0, 1, 1]]]]
[[[[0, 0, 1], [0, 1, 0]], []], [[[0, 1, 0]], [[1, 0, 1]]]]
[[[[5, 9, 12], [1, 7, 12]], []], [[[3, 9, 15]], [[3, 20, 26.0]]]]

0 47.0
[[[[0, 2, 1], [0, 1, 2]], []], [[[0, 1, 2]], [[1, 2, 3]]]]
[[[[1, 1, 0], [1, 0, 1]], []], [[[1, 0, 1]], [[0, 1, 1]]]]
[[[[0, 0, 1], [0, 1, 0]], []], [[[0, 1, 0]], [[1, 0, 1]]]]
[[[[3, 9, 12], [5, 7, 12]], []], [[[1, 9, 15]], [[3, 20, 26.0]]]]

0 47.0
[[[[0, 2, 1], [0, 1, 2]], []], [[[0, 1, 2]], [[1, 2, 3]]]]
[[[[1, 1, 0], [1, 0, 1]], []], [[[1, 0, 1]], [[0, 1, 1]]]]
[[[[0, 0, 1], [0, 1, 0]], []], [[[0, 1, 0]], [[1, 0, 1]]]]
[[[[5, 9, 12], [3, 7, 12]], []], [[[1, 9, 15]], [[3, 20, 26.0]]]]

0 47.0
[[[[0, 2, 1], [0, 1, 2]], []], [[[0, 1, 2]], [[1, 2, 3]]]]
[[[[1, 1, 0], [1, 0, 1]], []], [[[1, 0, 1]], [[0, 1, 1]]]]
[[[[0, 0, 1], [0, 1, 0]], []], [[[0, 1, 0]], [[1, 0, 1]]]]
[[[[1, 9, 12], [3, 9, 12]], []], [[[5, 7, 15]], [[3, 20, 26.0]]]]

0 47.0
[[[[0, 2, 1], [0, 1, 2]], []], [[[0, 1, 2]], [[1, 2, 3]]]]
[[[[1, 1, 0], [1, 0, 1]], []], [[[1, 0, 1]], [[0, 1, 1]]]]
[[[[0, 0, 1], [0, 1, 0]], []], [[[0, 1, 0]], [[1, 0, 1]]]]
[[[[1, 9, 12], [5, 9, 12]], []], [[[3, 7, 15]], [[3, 20, 26.0]]]]

0 47.0
[[[[0, 2, 1], [0, 1, 2]], []], [[[0, 1, 2]], [[1, 2, 3]]]]
[[[[1, 1, 0], [1, 0, 1]], []], [[[1, 0, 1]], [[0, 1, 1]]]]
[[[[0, 0, 1], [0, 1, 0]], []], [[[0, 1, 0]], [[1, 0, 1]]]]
[[[[3, 9, 12], [1, 9, 12]], []], [[[5, 7, 15]], [[3, 20, 26.0]]]]

0 47.0
[[[[0, 2, 1], [0, 1, 2]], []], [[[0, 1, 2]], [[1, 2, 3]]]]
[[[[1, 1, 0], [1, 0, 1]], []], [[[1, 0, 1]], [[0, 1, 1]]]]
[[[[0, 0, 1], [0, 1, 0]], []], [[[0, 1, 0]], [[1, 0, 1]]]]
[[[[5, 9, 12], [1, 9, 12]], []], [[[3, 7, 15]], [[3, 20, 26.0]]]]

0 47.0
[[[[0, 2, 1], [0, 1, 2]], []], [[[0, 1, 2]], [[1, 2, 3]]]]
[[[[1, 1, 0], [1, 0, 1]], []], [[[1, 0, 1]], [[0, 1, 1]]]]
[[[[0, 0, 1], [0, 1, 0]], []], [[[0, 1, 0]], [[1, 0, 1]]]]
[[[[3, 9, 12], [5, 9, 12]], []], [[[1, 7, 15]], [[3, 20, 26.0]]]]

0 47.0
[[[[0, 2, 1], [0, 1, 2]], []], [[[0, 1, 2]], [[1, 2, 3]]]]
[[[[1, 1, 0], [1, 0, 1]], []], [[[1, 0, 1]], [[0, 1, 1]]]]
[[[[0, 0, 1], [0, 1, 0]], []], [[[0, 1, 0]], [[1, 0, 1]]]]
[[[[5, 9, 12], [3, 9, 12]], []], [[[1, 7, 15]], [[3, 20, 26.0]]]]

0 47.0
[[[[0, 2, 1], [0, 1, 2]], []], [[[0, 1, 2]], [[2, 1, 3]]]]
[[[[1, 1, 0], [1, 0, 1]], []], [[[1, 0, 1]], [[1, 0, 1]]]]
[[[[0, 0, 1], [0, 1, 0]], []], [[[0, 1, 0]], [[0, 1, 1]]]]
[[[[1, 9, 12], [3, 5, 12]], []], [[[5, 7, 15]], [[20, 22, 26.0]]]]

0 47.0
[[[[0, 2, 1], [0, 1, 2]], []], [[[0, 1, 2]], [[2, 1, 3]]]]
[[[[1, 1, 0], [1, 0, 1]], []], [[[1, 0, 1]], [[1, 0, 1]]]]
[[[[0, 0, 1], [0, 1, 0]], []], [[[0, 1, 0]], [[0, 1, 1]]]]
[[[[1, 9, 12], [5, 7, 12]], []], [[[3, 9, 15]], [[20, 22, 26.0]]]]

0 47.0
[[[[0, 2, 1], [0, 1, 2]], []], [[[0, 1, 2]], [[2, 1, 3]]]]
[[[[1, 1, 0], [1, 0, 1]], []], [[[1, 0, 1]], [[1, 0, 1]]]]
[[[[0, 0, 1], [0, 1, 0]], []], [[[0, 1, 0]], [[0, 1, 1]]]]
[[[[3, 9, 12], [1, 3.0, 12]], []], [[[5, 7, 15]], [[20, 22, 26.0]]]]

0 47.0
[[[[0, 2, 1], [0, 1, 2]], []], [[[0, 1, 2]], [[2, 1, 3]]]]
[[[[1, 1, 0], [1, 0, 1]], []], [[[1, 0, 1]], [[1, 0, 1]]]]
[[[[0, 0, 1], [0, 1, 0]], []], [[[0, 1, 0]], [[0, 1, 1]]]]
[[[[5, 9, 12], [1, 3.0, 12]], []], [[[3, 5.0, 15]], [[20, 22, 26.0]]]]

0 47.0
[[[[0, 2, 1], [0, 1, 2]], []], [[[0, 1, 2]], [[2, 1, 3]]]]
[[[[1, 1, 0], [1, 0, 1]], []], [[[1, 0, 1]], [[1, 0, 1]]]]
[[[[0, 0, 1], [0, 1, 0]], []], [[[0, 1, 0]], [[0, 1, 1]]]]
[[[[3, 9, 12], [5, 7, 12]], []], [[[1, 9, 15]], [[20, 22, 26.0]]]]

0 47.0
[[[[0, 2, 1], [0, 1, 2]], []], [[[0, 1, 2]], [[2, 1, 3]]]]
[[[[1, 1, 0], [1, 0, 1]], []], [[[1, 0, 1]], [[1, 0, 1]]]]
[[[[0, 0, 1], [0, 1, 0]], []], [[[0, 1, 0]], [[0, 1, 1]]]]
[[[[5, 9, 12], [3, 5, 12]], []], [[[1, 7, 15]], [[20, 22, 26.0]]]]

0 47.0
[[[[0, 2, 1], [0, 1, 2]], []], [[[0, 1, 2]], [[2, 1, 3]]]]
[[[[1, 1, 0], [1, 0, 1]], []], [[[1, 0, 1]], [[1, 0, 1]]]]
[[[[0, 0, 1], [0, 1, 0]], []], [[[0, 1, 0]], [[0, 1, 1]]]]
[[[[1, 9, 12], [3, 9, 12]], []], [[[5, 7, 15]], [[20, 22, 26.0]]]]

0 47.0
[[[[0, 2, 1], [0, 1, 2]], []], [[[0, 1, 2]], [[2, 1, 3]]]]
[[[[1, 1, 0], [1, 0, 1]], []], [[[1, 0, 1]], [[1, 0, 1]]]]
[[[[0, 0, 1], [0, 1, 0]], []], [[[0, 1, 0]], [[0, 1, 1]]]]
[[[[1, 9, 12], [5, 7, 12]], []], [[[3, 5, 15]], [[20, 22, 26.0]]]]

0 47.0
[[[[0, 2, 1], [0, 1, 2]], []], [[[0, 1, 2]], [[2, 1, 3]]]]
[[[[1, 1, 0], [1, 0, 1]], []], [[[1, 0, 1]], [[1, 0, 1]]]]
[[[[0, 0, 1], [0, 1, 0]], []], [[[0, 1, 0]], [[0, 1, 1]]]]
[[[[3, 9, 12], [1, 9, 12]], []], [[[5, 7, 15]], [[20, 22, 26.0]]]]

0 47.0
[[[[0, 2, 1], [0, 1, 2]], []], [[[0, 1, 2]], [[2, 1, 3]]]]
[[[[1, 1, 0], [1, 0, 1]], []], [[[1, 0, 1]], [[1, 0, 1]]]]
[[[[0, 0, 1], [0, 1, 0]], []], [[[0, 1, 0]], [[0, 1, 1]]]]
[[[[5, 9, 12], [1, 7, 12]], []], [[[3, 5, 15]], [[20, 22, 26.0]]]]

0 47.0
[[[[0, 2, 1], [0, 1, 2]], []], [[[0, 1, 2]], [[2, 1, 3]]]]
[[[[1, 1, 0], [1, 0, 1]], []], [[[1, 0, 1]], [[1, 0, 1]]]]
[[[[0, 0, 1], [0, 1, 0]], []], [[[0, 1, 0]], [[0, 1, 1]]]]
[[[[3, 9, 12], [5, 7, 12]], []], [[[1, 3.0, 15]], [[20, 22, 26.0]]]]

0 47.0
[[[[0, 2, 1], [0, 1, 2]], []], [[[0, 1, 2]], [[2, 1, 3]]]]
[[[[1, 1, 0], [1, 0, 1]], []], [[[1, 0, 1]], [[1, 0, 1]]]]
[[[[0, 0, 1], [0, 1, 0]], []], [[[0, 1, 0]], [[0, 1, 1]]]]
[[[[5, 9, 12], [3, 5.0, 12]], []], [[[1, 3.0, 15]], [[20, 22, 26.0]]]]

0 47.0
[[[[0, 2, 1], [0, 1, 2]], []], [[[0, 2, 1]], [[1, 2, 3]]]]
[[[[1, 1, 0], [1, 0, 1]], []], [[[1, 1, 0]], [[0, 1, 1]]]]
[[[[0, 0, 1], [0, 1, 0]], []], [[[0, 0, 1]], [[1, 0, 1]]]]
[[[[1, 9, 12], [3, 7, 12]], []], [[[5, 15, 18]], [[3, 20, 26.0]]]]

0 47.0
[[[[0, 2, 1], [0, 1, 2]], []], [[[0, 2, 1]], [[1, 2, 3]]]]
[[[[1, 1, 0], [1, 0, 1]], []], [[[1, 1, 0]], [[0, 1, 1]]]]
[[[[0, 0, 1], [0, 1, 0]], []], [[[0, 0, 1]], [[1, 0, 1]]]]
[[[[1, 9, 12], [5, 7, 12]], []], [[[3, 15, 18]], [[3, 20, 26.0]]]]

0 47.0
[[[[0, 2, 1], [0, 1, 2]], []], [[[0, 2, 1]], [[1, 2, 3]]]]
[[[[1, 1, 0], [1, 0, 1]], []], [[[1, 1, 0]], [[0, 1, 1]]]]
[[[[0, 0, 1], [0, 1, 0]], []], [[[0, 0, 1]], [[1, 0, 1]]]]
[[[[3, 9, 12], [1, 7, 12]], []], [[[5, 15, 18]], [[3, 20, 26.0]]]]

0 47.0
[[[[0, 2, 1], [0, 1, 2]], []], [[[0, 2, 1]], [[1, 2, 3]]]]
[[[[1, 1, 0], [1, 0, 1]], []], [[[1, 1, 0]], [[0, 1, 1]]]]
[[[[0, 0, 1], [0, 1, 0]], []], [[[0, 0, 1]], [[1, 0, 1]]]]
[[[[5, 9, 12], [1, 7, 12]], []], [[[3, 15, 18]], [[3, 20, 26.0]]]]

0 47.0
[[[[0, 2, 1], [0, 1, 2]], []], [[[0, 2, 1]], [[1, 2, 3]]]]
[[[[1, 1, 0], [1, 0, 1]], []], [[[1, 1, 0]], [[0, 1, 1]]]]
[[[[0, 0, 1], [0, 1, 0]], []], [[[0, 0, 1]], [[1, 0, 1]]]]
[[[[3, 9, 12], [5, 7, 12]], []], [[[1, 15, 18]], [[3, 20, 26.0]]]]

0 47.0
[[[[0, 2, 1], [0, 1, 2]], []], [[[0, 2, 1]], [[1, 2, 3]]]]
[[[[1, 1, 0], [1, 0, 1]], []], [[[1, 1, 0]], [[0, 1, 1]]]]
[[[[0, 0, 1], [0, 1, 0]], []], [[[0, 0, 1]], [[1, 0, 1]]]]
[[[[5, 9, 12], [3, 7, 12]], []], [[[1, 15, 18]], [[3, 20, 26.0]]]]

0 47.0
[[[[0, 2, 1], [0, 1, 2]], []], [[[0, 2, 1]], [[2, 1, 3]]]]
[[[[1, 1, 0], [1, 0, 1]], []], [[[1, 1, 0]], [[1, 0, 1]]]]
[[[[0, 0, 1], [0, 1, 0]], []], [[[0, 0, 1]], [[0, 1, 1]]]]
[[[[1, 9, 12], [3, 5, 12]], []], [[[5, 15, 18]], [[20, 23, 26.0]]]]

0 47.0
[[[[0, 2, 1], [0, 1, 2]], []], [[[0, 2, 1]], [[2, 1, 3]]]]
[[[[1, 1, 0], [1, 0, 1]], []], [[[1, 1, 0]], [[1, 0, 1]]]]
[[[[0, 0, 1], [0, 1, 0]], []], [[[0, 0, 1]], [[0, 1, 1]]]]
[[[[1, 9, 12], [5, 7, 12]], []], [[[3, 15, 18]], [[20, 23, 26.0]]]]

0 47.0
[[[[0, 2, 1], [0, 1, 2]], []], [[[0, 2, 1]], [[2, 1, 3]]]]
[[[[1, 1, 0], [1, 0, 1]], []], [[[1, 1, 0]], [[1, 0, 1]]]]
[[[[0, 0, 1], [0, 1, 0]], []], [[[0, 0, 1]], [[0, 1, 1]]]]
[[[[3, 9, 12], [1, 3.0, 12]], []], [[[5, 15, 18]], [[20, 23, 26.0]]]]

0 47.0
[[[[0, 2, 1], [0, 1, 2]], []], [[[0, 2, 1]], [[2, 1, 3]]]]
[[[[1, 1, 0], [1, 0, 1]], []], [[[1, 1, 0]], [[1, 0, 1]]]]
[[[[0, 0, 1], [0, 1, 0]], []], [[[0, 0, 1]], [[0, 1, 1]]]]
[[[[5, 9, 12], [1, 3.0, 12]], []], [[[3, 15, 18]], [[20, 23, 26.0]]]]

0 47.0
[[[[0, 2, 1], [0, 1, 2]], []], [[[0, 2, 1]], [[2, 1, 3]]]]
[[[[1, 1, 0], [1, 0, 1]], []], [[[1, 1, 0]], [[1, 0, 1]]]]
[[[[0, 0, 1], [0, 1, 0]], []], [[[0, 0, 1]], [[0, 1, 1]]]]
[[[[3, 9, 12], [5, 7, 12]], []], [[[1, 15, 18]], [[20, 23, 26.0]]]]

0 47.0
[[[[0, 2, 1], [0, 1, 2]], []], [[[0, 2, 1]], [[2, 1, 3]]]]
[[[[1, 1, 0], [1, 0, 1]], []], [[[1, 1, 0]], [[1, 0, 1]]]]
[[[[0, 0, 1], [0, 1, 0]], []], [[[0, 0, 1]], [[0, 1, 1]]]]
[[[[5, 9, 12], [3, 5, 12]], []], [[[1, 15, 18]], [[20, 23, 26.0]]]]
